6.706707361009914e-06
6.736124512639945e-06
6.795061629491447e-06
6.883724596281972e-06
7.002422884260463e-06
7.151570325154773e-06
7.331686144668246e-06
7.543396256866762e-06
7.787434821131077e-06
8.064646063681744e-06
8.375986366014689e-06
8.722526622914693e-06
9.105454873041262e-06
9.526079205406167e-06
9.985830945384434e-06
1.048626812421999e-05
1.102907923630368e-05
1.161608728881422e-05
1.224925414862190e-05
1.293068519165992e-05
1.366263426026872e-05
1.444750893431455e-05
1.528787612217400e-05
1.618646797796099e-05
1.714618815165185e-05
1.817011837903622e-05
1.926152541868717e-05
2.042386834340186e-05
2.166080619381445e-05
2.297620600212455e-05
2.437415119411761e-05
2.585895037787688e-05
2.743514652780031e-05
2.910752657273826e-05
3.088113139725972e-05
3.276126626523460e-05
3.475351167508683e-05
3.686373465622746e-05
3.909810051631718e-05
4.146308504913400e-05
4.396548721293207e-05
4.661244228927311e-05
4.941143553238952e-05
5.237031631919932e-05
5.549731281013560e-05
5.880104713097665e-05
6.229055108586656e-05
6.597528241169970e-05
6.986514158400370e-05
7.397048918439549e-05
7.830216383960121e-05
8.287150074192325e-05
8.769035076090560e-05
9.277110015579044e-05
9.812669089817529e-05
1.037706416140675e-04
1.097170691542936e-04
1.159807108019527e-04
1.225769471253026e-04
1.295218254841423e-04
1.368320841973873e-04
1.445251773791493e-04
1.526193004501996e-04
1.611334163312384e-04
1.700872823239006e-04
1.795014776848949e-04
1.893974318981126e-04
1.997974536489387e-04
2.107247605043610e-04
2.222035093017961e-04
2.342588272488386e-04
2.469168437353858e-04
2.602047228588018e-04
2.741506966619499e-04
2.887840990830572e-04
3.041354006154604e-04
3.202362436743359e-04
3.371194786665244e-04
3.548192007585304e-04
3.733707873367079e-04
3.928109361525303e-04
4.131777041446960e-04
4.345105469286259e-04
4.568503589426862e-04
4.802395142391949e-04
5.047219079069701e-04
5.303429981108295e-04
5.571498487320740e-04
5.851911725925670e-04
6.145173752435714e-04
6.451805992990216e-04
6.772347692913827e-04
7.107356370267065e-04
7.457408274139056e-04
7.823098847416601e-04
8.205043193747341e-04
8.603876548398158e-04
9.020254752693078e-04
9.454854731697868e-04
9.908374974801236e-04
1.038153601882508e-03
1.087508093327865e-03
1.138977580735367e-03
1.192641023823984e-03
1.248579782032180e-03
1.306877663480132e-03
1.367620973926976e-03
1.430898565673849e-03
1.496801886361668e-03
1.565425027610814e-03
1.636864773448109e-03
1.711220648464719e-03
1.788594965646869e-03
1.869092873819537e-03
1.952822404641585e-03
2.039894519089145e-03
2.130423153362409e-03
2.224525264149393e-03
2.322320873178683e-03
2.423933110991663e-03
2.529488259863233e-03
2.639115795798659e-03
2.752948429532787e-03
2.871122146456615e-03
2.993776245394938e-03
3.121053376157661e-03
3.253099575786263e-03
3.390064303415914e-03
3.532100473672787e-03
3.679364488525325e-03
3.832016267507420e-03
3.990219276230842e-03
4.154140553103711e-03
4.323950734171328e-03
4.499824075995374e-03
4.681938476487230e-03
4.870475493611068e-03
5.065620361872386e-03
5.267562006507736e-03
5.476493055291715e-03
5.692609847877604e-03
5.916112442588613e-03
6.147204620577288e-03
6.386093887271457e-03
6.632991471026017e-03
6.888112318900895e-03
7.151675089486818e-03
7.423902142701767e-03
7.705019526482632e-03
7.995256960298156e-03
8.294847815411089e-03
8.604029091819470e-03
8.923041391809074e-03
9.252128890051276e-03
9.591539300183081e-03
9.941523837808648e-03
1.030233717986429e-02
1.067423742029197e-02
1.105748602196918e-02
1.145234776484648e-02
1.185909069024709e-02
1.227798604128661e-02
1.270930819937451e-02
1.315333461676280e-02
1.361034574511113e-02
1.408062496004183e-02
1.456445848166233e-02
1.506213529103695e-02
1.557394704259425e-02
1.610018797246094e-02
1.664115480271780e-02
1.719714664157790e-02
1.776846487949243e-02
1.835541308119423e-02
1.895829687369427e-02
1.957742383025153e-02
2.021310335034192e-02
2.086564653565705e-02
2.153536606216937e-02
2.222257604830526e-02
2.292759191927318e-02
2.365073026759994e-02
2.439230870993286e-02
2.515264574017196e-02
2.593206057900148e-02
2.673087301989554e-02
2.754940327167874e-02
2.838797179772743e-02
2.924689915190361e-02
3.012650581131830e-02
3.102711200602717e-02
3.194903754576626e-02
3.289260164384104e-02
3.385812273828766e-02
3.484591831042982e-02
3.585630470096030e-02
3.688959692368098e-02
3.794610847703991e-02
3.902615115360906e-02
4.013003484765067e-02
4.125806736092475e-02
4.241055420689477e-02
4.358779841349225e-02
4.479010032460557e-02
4.601775740046150e-02
4.727106401707221e-02
4.855031126492337e-02
4.985578674708249e-02
5.118777437690963e-02
5.254655417555526e-02
5.393240206943278e-02
5.534558968785527e-02
5.678638416102857e-02
5.825504791859405e-02
5.975183848891630e-02
6.127700829931260e-02
6.283080447742130e-02
6.441346865390785e-02
6.602523676670702e-02
6.766633886700078e-02
6.933699892713052e-02
7.103743465064259e-02
7.276785728466512e-02
7.452847143481331e-02
7.631947488281939e-02
7.814105840708148e-02
7.999340560632431e-02
8.187669272656242e-02
8.379108849155419e-02
8.573675393693252e-02
8.771384224819476e-02
8.972249860273186e-02
9.176286001607256e-02
9.383505519251527e-02
9.593920438031583e-02
9.807541923159571e-02
1.002438026671297e-01
1.024444487461685e-01
1.046774425414455e-01
1.069428600195127e-01
1.092407679265449e-01
1.115712236797445e-01
1.139342752644762e-01
1.163299611372506e-01
1.187583101346740e-01
1.212193413884703e-01
1.237130642466792e-01
1.262394782011240e-01
1.287985728212367e-01
1.313903276943224e-01
1.340147123723356e-01
1.366716863252335e-01
1.393611989009668e-01
1.420831892921571e-01
1.448375865095047e-01
1.476243093619620e-01
1.504432664437009e-01
1.532943561278915e-01
1.561774665673076e-01
1.590924757017587e-01
1.620392512723474e-01
1.650176508425390e-01
1.680275218260232e-01
1.710687015213403e-01
1.741410171532365e-01
1.772442859207042e-01
1.803783150516574e-01
1.835429018641808e-01
1.867378338342905e-01
1.899628886701279e-01
1.932178343925102e-01
1.965024294217453e-01
1.998164226706196e-01
2.031595536434538e-01
2.065315525411198e-01
2.099321403719028e-01
2.133610290680866e-01
2.168179216081353e-01
2.203025121443372e-01
2.238144861357715e-01
2.273535204864533e-01
2.309192836885066e-01
2.345114359702097e-01
2.381296294487545e-01
2.417735082875529e-01
2.454427088579246e-01
2.491368599049905e-01
2.528555827175976e-01
2.565984913020941e-01
2.603651925597726e-01
2.641552864677940e-01
2.679683662634049e-01
2.718040186312569e-01
2.756618238936342e-01
2.795413562033958e-01
2.834421837394350e-01
2.873638689044594e-01
2.913059685248925e-01
2.952680340526984e-01
2.992496117689298e-01
3.032502429887997e-01
3.072694642680787e-01
3.113068076106186e-01
3.153618006768035e-01
3.194339669927333e-01
3.235228261599430e-01
3.276278940654642e-01
3.317486830920361e-01
3.358847023282778e-01
3.400354577786312e-01
3.442004525728926e-01
3.483791871751477e-01
3.525711595919332e-01
3.567758655794471e-01
3.609927988496354e-01
3.652214512749867e-01
3.694613130918687e-01
3.737118731022457e-01
3.779726188736194e-01
3.822430369370414e-01
3.865226129830475e-01
3.908108320553710e-01
3.951071787422967e-01
3.994111373655190e-01
4.037221921663783e-01
4.080398274893485e-01
4.123635279626599e-01
4.166927786759402e-01
4.210270653547695e-01
4.253658745320424e-01
4.297086937160436e-01
4.340550115551416e-01
4.384043179990172e-01
4.427561044563437e-01
4.471098639488448e-01
4.514650912616603e-01
4.558212830899556e-01
4.601779381817160e-01
4.645345574766734e-01
4.688906442413182e-01
4.732457041999526e-01
4.775992456617518e-01
4.819507796437991e-01
4.862998199900697e-01
4.906458834863447e-01
4.949884899710355e-01
4.993271624419128e-01
5.036614271587312e-01
5.079908137417511e-01
5.123148552661611e-01
5.166330883524087e-01
5.209450532524561e-01
5.252502939319748e-01
5.295483581485040e-01
5.338387975255988e-01
5.381211676229977e-01
5.423950280028433e-01
5.466599422919973e-01
5.509154782404874e-01
5.551612077761346e-01
5.593967070554081e-01
5.636215565105593e-01
5.678353408930911e-01
5.720376493136174e-01
5.762280752781785e-01
5.804062167210678e-01
5.845716760342436e-01
5.887240600933868e-01
5.928629802806786e-01
5.969880525043686e-01
6.010988972152060e-01
6.051951394198125e-01
6.092764086910682e-01
6.133423391755957e-01
6.173925695984140e-01
6.214267432648507e-01
6.254445080597869e-01
6.294455164443216e-01
6.334294254499364e-01
6.373958966702447e-01
6.413445962504074e-01
6.452751948743030e-01
6.491873677495312e-01
6.530807945903379e-01
6.569551595985441e-01
6.608101514425629e-01
6.646454632345874e-01
6.684607925060333e-01
6.722558411813183e-01
6.760303155500608e-01
6.797839262377766e-01
6.835163881751574e-01
6.872274205660075e-01
6.909167468539181e-01
6.945840946877569e-01
6.982291958860480e-01
7.018517864003174e-01
7.054516062774778e-01
7.090283996213256e-01
7.125819145532180e-01
7.161119031720039e-01
7.196181215132729e-01
7.231003295079892e-01
7.265582909405768e-01
7.299917734065173e-01
7.334005482695224e-01
7.367843906183400e-01
7.401430792232531e-01
7.434763964923261e-01
7.467841284274550e-01
7.500660645802718e-01
7.533219980079552e-01
7.565517252289978e-01
7.597550461789738e-01
7.629317641663567e-01
7.660816858284278e-01
7.692046210873178e-01
7.723003831062243e-01
7.753687882458380e-01
7.784096560210214e-01
7.814228090577674e-01
7.844080730504781e-01
7.873652767195889e-01
7.902942517695708e-01
7.931948328473406e-01
7.960668575011012e-01
7.989101661396393e-01
8.017246019921045e-01
8.045100110682901e-01
8.072662421194354e-01
8.099931465995694e-01
8.126905786274132e-01
8.153583949488553e-01
8.179964549000164e-01
8.206046203709144e-01
8.231827557697445e-01
8.257307279877819e-01
8.282484063649180e-01
8.307356626558379e-01
8.331923709968464e-01
8.356184078733480e-01
8.380136520879854e-01
8.403779847294417e-01
8.427112891419068e-01
8.450134508952130e-01
8.472843577556355e-01
8.495238996573662e-01
8.517319686746496e-01
8.539084589945890e-01
8.560532668906128e-01
8.581662906966052e-01
8.602474307816905e-01
8.622965895256718e-01
8.643136712951167e-01
8.662985824200850e-01
8.682512311714939e-01
8.701715277391115e-01
8.720593842101724e-01
8.739147145486108e-01
8.757374345748999e-01
8.775274619464895e-01
8.792847161388362e-01
8.810091184270157e-01
8.827005918679074e-01
8.843590612829427e-01
8.859844532414094e-01
8.875766960442982e-01
8.891357197086870e-01
8.906614559526476e-01
8.921538381806694e-01
8.936128014695874e-01
8.950382825550036e-01
8.964302198181949e-01
8.977885532734935e-01
8.991132245561326e-01
9.004041769105453e-01
9.016613551791073e-01
9.028847057913131e-01
9.040741767533765e-01
9.052297176382441e-01
9.063512795760126e-01
9.074388152447416e-01
9.084922788616495e-01
9.095116261746868e-01
9.104968144544737e-01
9.114478024865966e-01
9.123645505642519e-01
9.132470204812311e-01
9.140951755252350e-01
9.149089804715148e-01
9.156884015768256e-01
9.164334065736889e-01
9.171439646649561e-01
9.178200465186639e-01
9.184616242631779e-01
9.190686714826146e-01
9.196411632125372e-01
9.201790759359196e-01
9.206823875793713e-01
9.211510775096196e-01
9.215851265302416e-01
9.219845168786447e-01
9.223492322232875e-01
9.226792576611385e-01
9.229745797153699e-01
9.232351863332803e-01
9.234610668844461e-01
9.236522121590960e-01
9.238086143667085e-01
9.239302671348272e-01
9.240171655080966e-01
9.240693059475109e-01
9.240866863298804e-01
9.240693059475108e-01
9.240171655080962e-01
9.239302671348268e-01
9.238086143667079e-01
9.236522121590957e-01
9.234610668844457e-01
9.232351863332799e-01
9.229745797153697e-01
9.226792576611385e-01
9.223492322232875e-01
9.219845168786447e-01
9.215851265302415e-01
9.211510775096196e-01
9.206823875793714e-01
9.201790759359197e-01
9.196411632125375e-01
9.190686714826151e-01
9.184616242631785e-01
9.178200465186644e-01
9.171439646649566e-01
9.164334065736894e-01
9.156884015768261e-01
9.149089804715153e-01
9.140951755252354e-01
9.132470204812315e-01
9.123645505642525e-01
9.114478024865972e-01
9.104968144544743e-01
9.095116261746874e-01
9.084922788616503e-01
9.074388152447423e-01
9.063512795760134e-01
9.052297176382448e-01
9.040741767533771e-01
9.028847057913136e-01
9.016613551791078e-01
9.004041769105460e-01
8.991132245561333e-01
8.977885532734942e-01
8.964302198181957e-01
8.950382825550043e-01
8.936128014695880e-01
8.921538381806700e-01
8.906614559526478e-01
8.891357197086872e-01
8.875766960442985e-01
8.859844532414096e-01
8.843590612829429e-01
8.827005918679076e-01
8.810091184270161e-01
8.792847161388366e-01
8.775274619464900e-01
8.757374345749005e-01
8.739147145486115e-01
8.720593842101729e-01
8.701715277391119e-01
8.682512311714945e-01
8.662985824200854e-01
8.643136712951170e-01
8.622965895256723e-01
8.602474307816910e-01
8.581662906966055e-01
8.560532668906129e-01
8.539084589945889e-01
8.517319686746498e-01
8.495238996573662e-01
8.472843577556355e-01
8.450134508952128e-01
8.427112891419068e-01
8.403779847294416e-01
8.380136520879854e-01
8.356184078733480e-01
8.331923709968463e-01
8.307356626558378e-01
8.282484063649179e-01
8.257307279877817e-01
8.231827557697444e-01
8.206046203709142e-01
8.179964549000162e-01
8.153583949488552e-01
8.126905786274130e-01
8.099931465995691e-01
8.072662421194352e-01
8.045100110682899e-01
8.017246019921043e-01
7.989101661396392e-01
7.960668575011014e-01
7.931948328473408e-01
7.902942517695710e-01
7.873652767195890e-01
7.844080730504783e-01
7.814228090577674e-01
7.784096560210213e-01
7.753687882458380e-01
7.723003831062241e-01
7.692046210873178e-01
7.660816858284276e-01
7.629317641663567e-01
7.597550461789737e-01
7.565517252289977e-01
7.533219980079551e-01
7.500660645802718e-01
7.467841284274549e-01
7.434763964923260e-01
7.401430792232530e-01
7.367843906183400e-01
7.334005482695225e-01
7.299917734065174e-01
7.265582909405768e-01
7.231003295079893e-01
7.196181215132731e-01
7.161119031720039e-01
7.125819145532178e-01
7.090283996213256e-01
7.054516062774778e-01
7.018517864003173e-01
6.982291958860479e-01
6.945840946877566e-01
6.909167468539178e-01
6.872274205660072e-01
6.835163881751570e-01
6.797839262377763e-01
6.760303155500605e-01
6.722558411813180e-01
6.684607925060329e-01
6.646454632345871e-01
6.608101514425626e-01
6.569551595985438e-01
6.530807945903376e-01
6.491873677495309e-01
6.452751948743027e-01
6.413445962504072e-01
6.373958966702442e-01
6.334294254499361e-01
6.294455164443211e-01
6.254445080597865e-01
6.214267432648503e-01
6.173925695984135e-01
6.133423391755952e-01
6.092764086910679e-01
6.051951394198121e-01
6.010988972152057e-01
5.969880525043683e-01
5.928629802806784e-01
5.887240600933865e-01
5.845716760342433e-01
5.804062167210674e-01
5.762280752781780e-01
5.720376493136172e-01
5.678353408930908e-01
5.636215565105592e-01
5.593967070554080e-01
5.551612077761345e-01
5.509154782404873e-01
5.466599422919972e-01
5.423950280028432e-01
5.381211676229976e-01
5.338387975255987e-01
5.295483581485039e-01
5.252502939319746e-01
5.209450532524561e-01
5.166330883524086e-01
5.123148552661609e-01
5.079908137417510e-01
5.036614271587311e-01
4.993271624419128e-01
4.949884899710356e-01
4.906458834863448e-01
4.862998199900699e-01
4.819507796437992e-01
4.775992456617520e-01
4.732457041999528e-01
4.688906442413183e-01
4.645345574766737e-01
4.601779381817162e-01
4.558212830899558e-01
4.514650912616606e-01
4.471098639488449e-01
4.427561044563439e-01
4.384043179990175e-01
4.340550115551419e-01
4.297086937160439e-01
4.253658745320427e-01
4.210270653547698e-01
4.166927786759406e-01
4.123635279626602e-01
4.080398274893489e-01
4.037221921663786e-01
3.994111373655194e-01
3.951071787422970e-01
3.908108320553713e-01
3.865226129830477e-01
3.822430369370416e-01
3.779726188736195e-01
3.737118731022458e-01
3.694613130918687e-01
3.652214512749866e-01
3.609927988496353e-01
3.567758655794470e-01
3.525711595919331e-01
3.483791871751477e-01
3.442004525728927e-01
3.400354577786313e-01
3.358847023282779e-01
3.317486830920361e-01
3.276278940654642e-01
3.235228261599431e-01
3.194339669927334e-01
3.153618006768035e-01
3.113068076106186e-01
3.072694642680787e-01
3.032502429887997e-01
2.992496117689297e-01
2.952680340526984e-01
2.913059685248924e-01
2.873638689044594e-01
2.834421837394350e-01
2.795413562033959e-01
2.756618238936344e-01
2.718040186312570e-01
2.679683662634050e-01
2.641552864677941e-01
2.603651925597727e-01
2.565984913020942e-01
2.528555827175976e-01
2.491368599049905e-01
2.454427088579246e-01
2.417735082875529e-01
2.381296294487544e-01
2.345114359702097e-01
2.309192836885066e-01
2.273535204864533e-01
2.238144861357715e-01
2.203025121443372e-01
2.168179216081353e-01
2.133610290680866e-01
2.099321403719028e-01
2.065315525411198e-01
2.031595536434538e-01
1.998164226706196e-01
1.965024294217453e-01
1.932178343925103e-01
1.899628886701280e-01
1.867378338342905e-01
1.835429018641809e-01
1.803783150516575e-01
1.772442859207043e-01
1.741410171532365e-01
1.710687015213403e-01
1.680275218260232e-01
1.650176508425391e-01
1.620392512723475e-01
1.590924757017588e-01
1.561774665673077e-01
1.532943561278916e-01
1.504432664437009e-01
1.476243093619621e-01
1.448375865095047e-01
1.420831892921571e-01
1.393611989009668e-01
1.366716863252335e-01
1.340147123723356e-01
1.313903276943225e-01
1.287985728212368e-01
1.262394782011241e-01
1.237130642466793e-01
1.212193413884704e-01
1.187583101346741e-01
1.163299611372508e-01
1.139342752644763e-01
1.115712236797446e-01
1.092407679265450e-01
1.069428600195129e-01
1.046774425414456e-01
1.024444487461686e-01
1.002438026671299e-01
9.807541923159591e-02
9.593920438031601e-02
9.383505519251548e-02
9.176286001607281e-02
8.972249860273213e-02
8.771384224819506e-02
8.573675393693286e-02
8.379108849155460e-02
8.187669272656289e-02
7.999340560632485e-02
7.814105840708212e-02
7.631947488282011e-02
7.452847143481411e-02
7.276785728466605e-02
7.103743465064365e-02
6.933699892713169e-02
6.766633886700207e-02
6.602523676670848e-02
6.441346865390948e-02
6.283080447742316e-02
6.127700829931469e-02
5.975183848891864e-02
5.825504791859669e-02
5.678638416103154e-02
5.534558968785859e-02
5.393240206943650e-02
5.254655417555945e-02
5.118777437691432e-02
4.985578674708776e-02
4.855031126492926e-02
4.727106401707881e-02
4.601775740046888e-02
4.479010032461384e-02
4.358779841350151e-02
4.241055420690512e-02
4.125806736093633e-02
4.013003484766362e-02
3.902615115362354e-02
3.794610847705608e-02
3.688959692369902e-02
3.585630470098045e-02
3.484591831045230e-02
3.385812273831274e-02
3.289260164386902e-02
3.194903754579746e-02
3.102711200606195e-02
3.012650581135706e-02
2.924689915194680e-02
2.838797179777555e-02
2.754940327173234e-02
2.673087301995522e-02
2.593206057906791e-02
2.515264574024590e-02
2.439230871001513e-02
2.365073026769147e-02
2.292759191937498e-02
2.222257604841844e-02
2.153536606229520e-02
2.086564653579688e-02
2.021310335049729e-02
1.957742383042412e-02
1.895829687388595e-02
1.835541308140706e-02
1.776846487972869e-02
1.719714664184011e-02
1.664115480300873e-02
1.610018797278368e-02
1.557394704295217e-02
1.506213529143382e-02
1.456445848210227e-02
1.408062496052940e-02
1.361034574565136e-02
1.315333461736124e-02
1.270930820003727e-02
1.227798604202043e-02
1.185909069105941e-02
1.145234776574548e-02
1.105748602296387e-02
1.067423742139229e-02
1.030233718108117e-02
9.941523839154118e-03
9.591539301670383e-03
9.252128891694975e-03
8.923041393625193e-03
8.604029093825625e-03
8.294847817626648e-03
7.995256962744408e-03
7.705019529182964e-03
7.423902145681871e-03
7.151675092774915e-03
6.888112322527972e-03
6.632991475026084e-03
6.386093891681842e-03
6.147204625438942e-03
5.916112447946461e-03
5.692609853780914e-03
5.476493061794499e-03
5.267562013669201e-03
5.065620369757410e-03
4.870475502290732e-03
4.681938486039389e-03
4.499824086505283e-03
4.323950745732320e-03
4.154140565817940e-03
3.990219290210087e-03
3.832016282873966e-03
3.679364505412912e-03
3.532100492227649e-03
3.390064323797910e-03
3.253099598170101e-03
3.121053400734227e-03
2.993776272372751e-03
2.871122176063394e-03
2.752948462017159e-03
2.639115831432011e-03
2.529488298941725e-03
2.423933153838409e-03
2.322320920146116e-03
2.224525315621833e-03
2.130423209758845e-03
2.039894580866247e-03
1.952822472296973e-03
1.869092947895321e-03
1.788595046733476e-03
1.711220737205046e-03
1.636864870542013e-03
1.565425133819970e-03
1.496802002514823e-03
1.430898692672510e-03
1.367621112751555e-03
1.306877815196589e-03
1.248579947799201e-03
1.192641204900740e-03
1.138977778489889e-03
1.087508309246088e-03
1.038153837578036e-03
9.908377547047666e-04
9.454857538249280e-04
9.020257814181654e-04
8.603879887206659e-04
8.205046834151637e-04
7.823102815739289e-04
7.457412598914978e-04
7.107361082421588e-04
6.772352825954838e-04
6.451811583214806e-04
6.145179839152644e-04
5.851918351694726e-04
5.571505698210226e-04
5.303437826971928e-04
5.047227613844322e-04
4.802404424417496e-04
4.568513681790203e-04
4.345116440190554e-04
4.131788964608336e-04
3.928122316598748e-04
3.733721946403585e-04
3.548207291522420e-04
3.371211381853326e-04
3.202380451509981e-04
3.041373557409706e-04
2.887862204715131e-04
2.741529979200649e-04
2.602072186603739e-04
2.469195499010568e-04
2.342617608314937e-04
2.222066886779792e-04
2.107282054721018e-04
1.998011855324122e-04
1.894014736595788e-04
1.795058540443899e-04
1.700920198871823e-04
1.611385437265171e-04
1.526248484742170e-04
1.445311791532012e-04
1.368385753339205e-04
1.295288442645938e-04
1.225845346898858e-04
1.159889113521373e-04
1.097259301687683e-04
1.037802140790178e-04
9.813702955275834e-05
9.278226375373445e-05
8.770240234921674e-05
8.288450795773435e-05
7.831619922625446e-05
7.398563052791110e-05
6.988147227114762e-05
6.599289181093002e-05
6.230953495250553e-05
5.882150803802713e-05
5.551936060623511e-05
5.239406861528290e-05
4.943701821871433e-05
4.663999008454243e-05
4.399514424734554e-05
4.149500548328315e-05
3.913244919794251e-05
3.690068781695325e-05
3.479325766935571e-05
3.280400635377227e-05
3.092708057751467e-05
2.915691445885908e-05
2.748821828283671e-05
2.591596770101801e-05
2.443539336591440e-05
2.304197099078061e-05
2.173141182577320e-05
2.049965354160622e-05
1.934285151204190e-05
1.825737048676266e-05
1.723977664639003e-05
1.628683003164509e-05
1.539547733888400e-05
1.456284507449005e-05
1.378623306085979e-05
1.306310828698521e-05
1.239109909690574e-05
1.176798970958245e-05
1.119171506403226e-05
1.066035598385134e-05
1.017213465555401e-05
9.725410415455668e-06
9.318675840135798e-06
8.950553135828560e-06
8.619790822404522e-06
8.325260707926673e-06
8.065955150086983e-06
7.840984601155998e-06
7.649575433406912e-06
7.491068042307116e-06
7.364915225103865e-06
7.270680832766298e-06
7.208038693583229e-06
7.176771807054686e-06
