6.744398633967026e-06
6.773910140360208e-06
6.833036089802043e-06
6.921982613051344e-06
7.041059550201552e-06
7.190681224366334e-06
7.371367474825223e-06
7.583744950969148e-06
7.828548668718918e-06
8.106623831421670e-06
8.418927917560814e-06
8.766533037943839e-06
9.150628565359134e-06
9.572524040017624e-06
1.003365235441698e-05
1.053557322158547e-05
1.107997693097860e-05
1.166868839661432e-05
1.230367150234146e-05
1.298703374944101e-05
1.372103121205995e-05
1.450807380627306e-05
1.535073087885831e-05
1.625173712215623e-05
1.721399882166238e-05
1.824060044327397e-05
1.933481156737757e-05
2.050009417722212e-05
2.174011030927223e-05
2.305873007347795e-05
2.446004005163038e-05
2.594835208219588e-05
2.752821244023490e-05
2.920441142121448e-05
3.098199333771529e-05
3.286626693821365e-05
3.486281625728680e-05
3.697751190674390e-05
3.921652281732588e-05
4.158632844074375e-05
4.409373142193548e-05
4.674587075151709e-05
4.955023540848215e-05
5.251467850326463e-05
5.564743193132335e-05
5.895712154743003e-05
6.245278287084743e-05
6.614387733156744e-05
7.004030906774157e-05
7.415244228437619e-05
7.849111918328212e-05
8.306767847416100e-05
8.789397447657970e-05
9.298239682242664e-05
9.834589076826028e-05
1.039979781267495e-04
1.099527788261664e-04
1.162250331066240e-04
1.228301243614541e-04
1.297841026317925e-04
1.371037087620779e-04
1.448063992237810e-04
1.529103716142530e-04
1.614345908371280e-04
1.703988159702166e-04
1.798236278263038e-04
1.897304572116986e-04
2.001416138867830e-04
2.110803162321723e-04
2.225707216234221e-04
2.346379575165060e-04
2.473081532455369e-04
2.606084725334147e-04
2.745671467152531e-04
2.892135086735703e-04
3.045780274833192e-04
3.206923437638839e-04
3.375893057341803e-04
3.553030059659699e-04
3.738688188294247e-04
3.933234386238765e-04
4.137049183855276e-04
4.350527093627171e-04
4.574077011481062e-04
4.808122624558788e-04
5.053102825307487e-04
5.309472131742226e-04
5.577701113721861e-04
5.858276825064664e-04
6.151703241315714e-04
6.458501702963226e-04
6.779211363885775e-04
7.114389644796876e-04
7.464612691437622e-04
7.830475837251888e-04
8.212594070262354e-04
8.611602503848870e-04
9.028156851113914e-04
9.462933902502723e-04
9.916632006328483e-04
1.038997155183543e-03
1.088369545441514e-03
1.139856964257362e-03
1.193538354622874e-03
1.249495058589991e-03
1.307810866233383e-03
1.368572064609197e-03
1.431867486660773e-03
1.497788560020321e-03
1.566429355653751e-03
1.637886636294086e-03
1.712259904607126e-03
1.789651451031278e-03
1.870166401231750e-03
1.953912763107605e-03
2.041001473288501e-03
2.131546443056305e-03
2.225664603625178e-03
2.323475950712145e-03
2.425103588328661e-03
2.530673771722230e-03
2.640315949395686e-03
2.754162804130420e-03
2.872350292938506e-03
2.995017685867490e-03
3.122307603580404e-03
3.254366053632493e-03
3.391342465365148e-03
3.533389723336589e-03
3.680664199208020e-03
3.833325782003198e-03
3.991537906658757e-03
4.155467580782015e-03
4.325285409532579e-03
4.501165618543700e-03
4.683286074799113e-03
4.871828305380952e-03
5.066977514004370e-03
5.268922595254568e-03
5.477856146442237e-03
5.693974476993749e-03
5.917477615292978e-03
6.148569312892253e-03
6.387457046010744e-03
6.634352014239487e-03
6.889469136373352e-03
7.153027043291429e-03
7.425248067808703e-03
7.706358231423379e-03
7.996587227885869e-03
8.296168403517304e-03
8.605338734207327e-03
8.924338799023122e-03
9.253412750363847e-03
9.592808280597095e-03
9.942776585116563e-03
1.030357232176288e-02
1.067545356655241e-02
1.105868176566186e-02
1.145352168361977e-02
1.186024134765931e-02
1.227911198819015e-02
1.271040797535111e-02
1.315440675160859e-02
1.361138876037037e-02
1.408163737058761e-02
1.456543879732287e-02
1.506308201826564e-02
1.557485868618169e-02
1.610106303728698e-02
1.664199179554153e-02
1.719794407286343e-02
1.776922126526809e-02
1.835612694494288e-02
1.895896674827206e-02
1.957804825983261e-02
2.021368089238630e-02
2.086617576289878e-02
2.153584556462212e-02
2.222300443528229e-02
2.292796782141861e-02
2.365105233892808e-02
2.439257562987239e-02
2.515285621561162e-02
2.593221334633387e-02
2.673096684705560e-02
2.754943696017334e-02
2.838794418465262e-02
2.924680911194585e-02
3.012635225873618e-02
3.102689389660980e-02
3.194875387876480e-02
3.289225146386975e-02
3.385770513719064e-02
3.484543242910994e-02
3.585574973116662e-02
3.688897210975095e-02
3.794541311759297e-02
3.902538460318791e-02
4.012919651830669e-02
4.125715672374440e-02
4.240957079346321e-02
4.358674181729116e-02
4.478897020234179e-02
4.601655347332344e-02
4.726978607191096e-02
4.854895915535547e-02
4.985436039451177e-02
5.118627377146515e-02
5.254497937694295e-02
5.393075320769825e-02
5.534386696405557e-02
5.678458784781058e-02
5.825317836067762e-02
5.974989610348040e-02
6.127499357628249e-02
6.282871797965552e-02
6.441131101728347e-02
6.602300870010223e-02
6.766404115217357e-02
6.933463241849289e-02
7.103500027492958e-02
7.276535604049836e-02
7.452590439215886e-02
7.631684318233981e-02
7.813836325938232e-02
7.999064829109566e-02
8.187387459161577e-02
8.378821095175570e-02
8.573381847303360e-02
8.771085040556120e-02
8.971945198997290e-02
9.175976030357150e-02
9.383190411086349e-02
9.593600371865235e-02
9.807217083585416e-02
1.002405084381955e-01
1.024411106379483e-01
1.046740625588524e-01
1.069394402163693e-01
1.092373104034080e-01
1.115677305816542e-01
1.139307487786331e-01
1.163264034906249e-01
1.187547235915492e-01
1.212157282479271e-01
1.237094268400216e-01
1.262358188892528e-01
1.287948939919749e-01
1.313866317596962e-01
1.340110017658147e-01
1.366679634989375e-01
1.393574663228397e-01
1.420794494431160e-01
1.448338418805667e-01
1.476205624513551e-01
1.504395197539617e-01
1.532906121629572e-01
1.561737278296040e-01
1.590887446892918e-01
1.620355304758018e-01
1.650139427423881e-01
1.680238288896565e-01
1.710650262002122e-01
1.741373618800407e-01
1.772406531065801e-01
1.803747070834301e-01
1.835393211016431e-01
1.867342826075271e-01
1.899593692768899e-01
1.932143490956410e-01
1.964989804466643e-01
1.998130122028662e-01
2.031561838262965e-01
2.065282254732334e-01
2.099288581051178e-01
2.133577936052136e-01
2.168147349008685e-01
2.202993760912395e-01
2.238114025803440e-01
2.273504912152927e-01
2.309163104295522e-01
2.345085203910832e-01
2.381267731551936e-01
2.417707128219429e-01
2.454399756979267e-01
2.491341904622717e-01
2.528529783366610e-01
2.565959532592125e-01
2.603627220620254e-01
2.641528846522089e-01
2.679660341962046e-01
2.718017573072111e-01
2.756596342355178e-01
2.795392390615525e-01
2.834401398914465e-01
2.873618990549198e-01
2.913040733052872e-01
2.952662140213868e-01
2.992478674112304e-01
3.032485747171778e-01
3.072678724224336e-01
3.113052924586697e-01
3.153603624145737e-01
3.194326057451276e-01
3.235215419814207e-01
3.276266869408014e-01
3.317475529371782e-01
3.358836489912770e-01
3.400344810406691e-01
3.441995521493826e-01
3.483783627169169e-01
3.525704106864787e-01
3.567751917522650e-01
3.609921995656187e-01
3.652209259398894e-01
3.694608610538323e-01
3.737114936533846e-01
3.779723112516629e-01
3.822428003270270e-01
3.865224465190639e-01
3.908107348223456e-01
3.951071497778245e-01
3.994111756617301e-01
4.037222966718387e-01
4.080399971109925e-01
4.123637615677480e-01
4.166930750940417e-01
4.210274233797638e-01
4.253662929241367e-01
4.297091712038025e-01
4.340555468375262e-01
4.384049097474290e-01
4.427567513166704e-01
4.471105645435051e-01
4.514658441916435e-01
4.558220869368532e-01
4.601787915097418e-01
4.645354588346696e-01
4.688915921647436e-01
4.732466972128513e-01
4.776002822786978e-01
4.819518583718155e-01
4.863009393305196e-01
4.906470419367902e-01
4.949896860270645e-01
4.993283945989287e-01
5.036626939137058e-01
5.079921135949370e-01
5.123161867227615e-01
5.166344499242046e-01
5.209464434593872e-01
5.252517113036738e-01
5.295498012257818e-01
5.338402648618802e-01
5.381226577857058e-01
5.423965395747322e-01
5.466614738724308e-01
5.509170284466645e-01
5.551627752442601e-01
5.593982904418073e-01
5.636231544927378e-01
5.678369521707376e-01
5.720392726095513e-01
5.762297093392390e-01
5.804078603189488e-01
5.845733279662695e-01
5.887257191832340e-01
5.928646453790404e-01
5.969897224895636e-01
6.011005709937330e-01
6.051968159268486e-01
6.092780868909150e-01
6.133440180620703e-01
6.173942481951896e-01
6.214284206257440e-01
6.254461832689956e-01
6.294471886166125e-01
6.334310937307849e-01
6.373975602359264e-01
6.413462543080451e-01
6.452768466618672e-01
6.491890125357981e-01
6.530824316748050e-01
6.569567883113050e-01
6.608117711441427e-01
6.646470733157405e-01
6.684623923875044e-01
6.722574303135691e-01
6.760318934129621e-01
6.797854923402705e-01
6.835179420548875e-01
6.872289617889211e-01
6.909182750138420e-01
6.945856094059456e-01
6.982306968107101e-01
7.018532732061186e-01
7.054530786650228e-01
7.090298573166209e-01
7.125833573071175e-01
7.161133307596369e-01
7.196195337334581e-01
7.231017261826356e-01
7.265596719140716e-01
7.299931385451049e-01
7.334018974606727e-01
7.367857237701100e-01
7.401443962636413e-01
7.434776973686227e-01
7.467854131055873e-01
7.500673330441474e-01
7.533232502588038e-01
7.565529612847119e-01
7.597562660734516e-01
7.629329679488450e-01
7.660828735628690e-01
7.692057928517005e-01
7.723015389919379e-01
7.753699283570341e-01
7.784107804739803e-01
7.814239179802730e-01
7.844091665812003e-01
7.873663550074740e-01
7.902953149732435e-01
7.931958811345133e-01
7.960678910479957e-01
7.989111851304190e-01
8.017256066183189e-01
8.045110015283301e-01
8.072672186180021e-01
8.099941093471560e-01
8.126915278397993e-01
8.153593308466154e-01
8.179973777080416e-01
8.206055303179495e-01
8.231836530879376e-01
8.257316129122494e-01
8.282492791333239e-01
8.307365235079881e-01
8.331932201742970e-01
8.356192456190287e-01
8.380144786458378e-01
8.403788003440721e-01
8.427120940582539e-01
8.450142453582296e-01
8.472851420099861e-01
8.495246739471372e-01
8.517327332430751e-01
8.539092140837903e-01
8.560540127413523e-01
8.581670275480532e-01
8.602481588712059e-01
8.622973090885965e-01
8.643143825645833e-01
8.662992856268367e-01
8.682519265437174e-01
8.701722155022820e-01
8.720600645869114e-01
8.739153877585552e-01
8.757381008345819e-01
8.775281214692292e-01
8.792853691346445e-01
8.810097651025074e-01
8.827012324262250e-01
8.843596959236906e-01
8.859850821605969e-01
8.875773194342929e-01
8.891363377581765e-01
8.906620688466106e-01
8.921544461003551e-01
8.936134045925022e-01
8.950388810549069e-01
8.964308138651020e-01
8.977891430336860e-01
8.991138101921750e-01
9.004047585813091e-01
9.016619330398011e-01
9.028852799935192e-01
9.040747474450930e-01
9.052302849639324e-01
9.063518436766509e-01
9.074393762578827e-01
9.084928369214845e-01
9.095121814121117e-01
9.104973669971619e-01
9.114483524590751e-01
9.123650980879809e-01
9.132475656746878e-01
9.140957185040010e-01
9.149095213483659e-01
9.156889404618257e-01
9.164339435742865e-01
9.171444998860829e-01
9.178205800628371e-01
9.184621562306038e-01
9.190692019712948e-01
9.196416923183773e-01
9.201796037528394e-01
9.206829141994165e-01
9.211516030230755e-01
9.215856510257489e-01
9.219850404433154e-01
9.223497549428231e-01
9.226797796199486e-01
9.229751009966926e-01
9.232357070193028e-01
9.234615870564268e-01
9.236527318974869e-01
9.238091337512777e-01
9.239307862447834e-01
9.240176844222122e-01
9.240698247442469e-01
9.240872050875107e-01
9.240698247442469e-01
9.240176844222122e-01
9.239307862447834e-01
9.238091337512777e-01
9.236527318974869e-01
9.234615870564268e-01
9.232357070193028e-01
9.229751009966926e-01
9.226797796199486e-01
9.223497549428231e-01
9.219850404433154e-01
9.215856510257489e-01
9.211516030230755e-01
9.206829141994165e-01
9.201796037528394e-01
9.196416923183773e-01
9.190692019712948e-01
9.184621562306038e-01
9.178205800628371e-01
9.171444998860829e-01
9.164339435742865e-01
9.156889404618257e-01
9.149095213483659e-01
9.140957185040010e-01
9.132475656746878e-01
9.123650980879809e-01
9.114483524590751e-01
9.104973669971619e-01
9.095121814121117e-01
9.084928369214845e-01
9.074393762578827e-01
9.063518436766509e-01
9.052302849639324e-01
9.040747474450930e-01
9.028852799935192e-01
9.016619330398011e-01
9.004047585813091e-01
8.991138101921750e-01
8.977891430336860e-01
8.964308138651020e-01
8.950388810549069e-01
8.936134045925022e-01
8.921544461003551e-01
8.906620688466106e-01
8.891363377581765e-01
8.875773194342929e-01
8.859850821605969e-01
8.843596959236906e-01
8.827012324262250e-01
8.810097651025074e-01
8.792853691346445e-01
8.775281214692292e-01
8.757381008345819e-01
8.739153877585552e-01
8.720600645869114e-01
8.701722155022820e-01
8.682519265437174e-01
8.662992856268367e-01
8.643143825645833e-01
8.622973090885965e-01
8.602481588712059e-01
8.581670275480532e-01
8.560540127413523e-01
8.539092140837903e-01
8.517327332430752e-01
8.495246739471373e-01
8.472851420099862e-01
8.450142453582297e-01
8.427120940582540e-01
8.403788003440722e-01
8.380144786458379e-01
8.356192456190288e-01
8.331932201742971e-01
8.307365235079882e-01
8.282492791333240e-01
8.257316129122495e-01
8.231836530879377e-01
8.206055303179496e-01
8.179973777080417e-01
8.153593308466155e-01
8.126915278397994e-01
8.099941093471561e-01
8.072672186180022e-01
8.045110015283302e-01
8.017256066183190e-01
7.989111851304191e-01
7.960678910479958e-01
7.931958811345134e-01
7.902953149732436e-01
7.873663550074741e-01
7.844091665812004e-01
7.814239179802731e-01
7.784107804739804e-01
7.753699283570342e-01
7.723015389919380e-01
7.692057928517007e-01
7.660828735628691e-01
7.629329679488451e-01
7.597562660734517e-01
7.565529612847121e-01
7.533232502588039e-01
7.500673330441475e-01
7.467854131055874e-01
7.434776973686228e-01
7.401443962636414e-01
7.367857237701101e-01
7.334018974606729e-01
7.299931385451051e-01
7.265596719140717e-01
7.231017261826357e-01
7.196195337334582e-01
7.161133307596370e-01
7.125833573071176e-01
7.090298573166210e-01
7.054530786650229e-01
7.018532732061187e-01
6.982306968107103e-01
6.945856094059457e-01
6.909182750138421e-01
6.872289617889212e-01
6.835179420548876e-01
6.797854923402706e-01
6.760318934129622e-01
6.722574303135692e-01
6.684623923875045e-01
6.646470733157406e-01
6.608117711441428e-01
6.569567883113051e-01
6.530824316748051e-01
6.491890125357982e-01
6.452768466618674e-01
6.413462543080453e-01
6.373975602359265e-01
6.334310937307850e-01
6.294471886166126e-01
6.254461832689957e-01
6.214284206257441e-01
6.173942481951897e-01
6.133440180620704e-01
6.092780868909151e-01
6.051968159268487e-01
6.011005709937332e-01
5.969897224895637e-01
5.928646453790405e-01
5.887257191832341e-01
5.845733279662696e-01
5.804078603189489e-01
5.762297093392391e-01
5.720392726095515e-01
5.678369521707377e-01
5.636231544927379e-01
5.593982904418074e-01
5.551627752442602e-01
5.509170284466646e-01
5.466614738724309e-01
5.423965395747323e-01
5.381226577857059e-01
5.338402648618803e-01
5.295498012257819e-01
5.252517113036739e-01
5.209464434593873e-01
5.166344499242047e-01
5.123161867227616e-01
5.079921135949371e-01
5.036626939137059e-01
4.993283945989288e-01
4.949896860270646e-01
4.906470419367903e-01
4.863009393305197e-01
4.819518583718156e-01
4.776002822786979e-01
4.732466972128514e-01
4.688915921647437e-01
4.645354588346697e-01
4.601787915097419e-01
4.558220869368533e-01
4.514658441916437e-01
4.471105645435052e-01
4.427567513166705e-01
4.384049097474291e-01
4.340555468375263e-01
4.297091712038026e-01
4.253662929241367e-01
4.210274233797638e-01
4.166930750940417e-01
4.123637615677480e-01
4.080399971109925e-01
4.037222966718387e-01
3.994111756617301e-01
3.951071497778245e-01
3.908107348223456e-01
3.865224465190639e-01
3.822428003270270e-01
3.779723112516629e-01
3.737114936533846e-01
3.694608610538323e-01
3.652209259398894e-01
3.609921995656187e-01
3.567751917522650e-01
3.525704106864787e-01
3.483783627169169e-01
3.441995521493826e-01
3.400344810406691e-01
3.358836489912770e-01
3.317475529371782e-01
3.276266869408013e-01
3.235215419814206e-01
3.194326057451276e-01
3.153603624145736e-01
3.113052924586696e-01
3.072678724224335e-01
3.032485747171777e-01
2.992478674112304e-01
2.952662140213868e-01
2.913040733052872e-01
2.873618990549198e-01
2.834401398914465e-01
2.795392390615524e-01
2.756596342355178e-01
2.718017573072110e-01
2.679660341962045e-01
2.641528846522089e-01
2.603627220620254e-01
2.565959532592125e-01
2.528529783366609e-01
2.491341904622716e-01
2.454399756979266e-01
2.417707128219428e-01
2.381267731551936e-01
2.345085203910831e-01
2.309163104295522e-01
2.273504912152927e-01
2.238114025803440e-01
2.202993760912394e-01
2.168147349008685e-01
2.133577936052136e-01
2.099288581051178e-01
2.065282254732334e-01
2.031561838262964e-01
1.998130122028661e-01
1.964989804466643e-01
1.932143490956410e-01
1.899593692768899e-01
1.867342826075271e-01
1.835393211016431e-01
1.803747070834301e-01
1.772406531065801e-01
1.741373618800408e-01
1.710650262002122e-01
1.680238288896566e-01
1.650139427423881e-01
1.620355304758018e-01
1.590887446892918e-01
1.561737278296040e-01
1.532906121629572e-01
1.504395197539617e-01
1.476205624513551e-01
1.448338418805667e-01
1.420794494431160e-01
1.393574663228398e-01
1.366679634989376e-01
1.340110017658148e-01
1.313866317596962e-01
1.287948939919750e-01
1.262358188892529e-01
1.237094268400217e-01
1.212157282479272e-01
1.187547235915493e-01
1.163264034906250e-01
1.139307487786332e-01
1.115677305816543e-01
1.092373104034081e-01
1.069394402163695e-01
1.046740625588525e-01
1.024411106379485e-01
1.002405084381957e-01
9.807217083585437e-02
9.593600371865260e-02
9.383190411086377e-02
9.175976030357182e-02
8.971945198997325e-02
8.771085040556161e-02
8.573381847303405e-02
8.378821095175620e-02
8.187387459161634e-02
7.999064829109630e-02
7.813836325938305e-02
7.631684318234061e-02
7.452590439215977e-02
7.276535604049937e-02
7.103500027493072e-02
6.933463241849415e-02
6.766404115217499e-02
6.602300870010383e-02
6.441131101728528e-02
6.282871797965753e-02
6.127499357628476e-02
5.974989610348294e-02
5.825317836068046e-02
5.678458784781375e-02
5.534386696405912e-02
5.393075320770224e-02
5.254497937694741e-02
5.118627377147014e-02
4.985436039451736e-02
4.854895915536173e-02
4.726978607191794e-02
4.601655347333126e-02
4.478897020235052e-02
4.358674181730093e-02
4.240957079347412e-02
4.125715672375659e-02
4.012919651832030e-02
3.902538460320310e-02
3.794541311760994e-02
3.688897210976989e-02
3.585574973118773e-02
3.484543242913351e-02
3.385770513721692e-02
3.289225146389905e-02
3.194875387879745e-02
3.102689389664618e-02
3.012635225877670e-02
2.924680911199099e-02
2.838794418470288e-02
2.754943696022929e-02
2.673096684711788e-02
2.593221334640317e-02
2.515285621568871e-02
2.439257562995814e-02
2.365105233902344e-02
2.292796782152463e-02
2.222300443540012e-02
2.153584556475306e-02
2.086617576304425e-02
2.021368089254787e-02
1.957804826001203e-02
1.895896674847124e-02
1.835612694516396e-02
1.776922126551343e-02
1.719794407313561e-02
1.664199179584342e-02
1.610106303762174e-02
1.557485868655283e-02
1.506308201867701e-02
1.456543879777873e-02
1.408163737109264e-02
1.361138876092975e-02
1.315440675222803e-02
1.271040797603689e-02
1.227911198894922e-02
1.186024134849928e-02
1.145352168454907e-02
1.105868176668975e-02
1.067545356768908e-02
1.030357232301955e-02
9.942776586505582e-03
9.592808282132046e-03
9.253412752059674e-03
8.924338800896249e-03
8.605338736275813e-03
8.296168405800998e-03
7.996587230406575e-03
7.706358234205053e-03
7.425248070877655e-03
7.153027046676543e-03
6.889469140106338e-03
6.634352018355141e-03
6.387457050547244e-03
6.148569317891478e-03
5.917477620800853e-03
5.693974483060625e-03
5.477856153123305e-03
5.268922602610306e-03
5.066977522101035e-03
4.871828314291119e-03
4.683286084602251e-03
4.501165629326813e-03
4.325285421390891e-03
4.155467593819724e-03
3.991537920989850e-03
3.833325797752347e-03
3.680664216511545e-03
3.533389742343510e-03
3.391342486238331e-03
3.254366076549893e-03
3.122307628736414e-03
2.995017713474406e-03
2.872350323228122e-03
2.754162837355759e-03
2.640315985832874e-03
2.530673811672529e-03
2.425103632120685e-03
2.323475998704249e-03
2.225664656208056e-03
2.131546500655806e-03
2.041001536368678e-03
1.953912832174019e-03
1.870166476835049e-03
1.789651533771068e-03
1.712259995136169e-03
1.637886735322837e-03
1.566429463955267e-03
1.497788678435573e-03
1.431867616104386e-03
1.368572206075662e-03
1.307811020803763e-03
1.249495227439168e-03
1.193538539027384e-03
1.139857165603849e-03
1.088369765235854e-03
1.038997395060701e-03
9.916634623675091e-04
9.462936757683054e-04
9.028159965022209e-04
8.611605899148251e-04
8.212597771528546e-04
7.830479871128098e-04
7.464617086801379e-04
7.114394432939733e-04
6.779216578706777e-04
6.458507381177189e-04
6.151709422677335e-04
5.858283552609658e-04
5.577708434026294e-04
5.309480095201381e-04
5.053111486435641e-04
4.808132042311371e-04
4.574087249600797e-04
4.350538221015857e-04
4.137061274973019e-04
3.933247521532570e-04
3.738702454657993e-04
3.553045550927675e-04
3.375909874818101e-04
3.206941690665053e-04
3.045800081397044e-04
2.892156574123351e-04
2.745694772647508e-04
2.606109996966073e-04
2.473108929801747e-04
2.346409270209689e-04
2.225739394285975e-04
2.110838022997671e-04
2.001453897144910e-04
1.897345459456711e-04
1.798280543813971e-04
1.704036071585189e-04
1.614397755052976e-04
1.529159807902323e-04
1.448124662734819e-04
1.371102695566707e-04
1.297911957262666e-04
1.228377911851569e-04
1.162333181665252e-04
1.099617299236370e-04
1.040076465886903e-04
9.835633169346115e-05
9.299366934408650e-05
8.790614204196933e-05
8.308080914246521e-05
7.850528594271395e-05
7.416772338971549e-05
7.005678839951270e-05
6.616164477813582e-05
6.247193473478298e-05
5.897776097755690e-05
5.566966938194991e-05
5.253863222216557e-05
4.957603195528603e-05
4.677364554823791e-05
4.412362933747516e-05
4.161850441128541e-05
3.925114250463410e-05
3.701475239648898e-05
3.490286679961461e-05
3.290932973289204e-05
3.102828436630167e-05
2.925416132880728e-05
2.758166746949451e-05
2.600577506244867e-05
2.452171144600182e-05
2.312494908713897e-05
2.181119606202567e-05
2.057638694380472e-05
1.941667408900661e-05
1.832841931412717e-05
1.730818595414446e-05
1.635273129497680e-05
1.545899937212200e-05
1.462411412796606e-05
1.384537292050549e-05
1.312024037649183e-05
1.244634258227823e-05
1.182146160592700e-05
1.124353034442159e-05
1.071062769011827e-05
1.022097401086915e-05
9.772926938550570e-06
9.364977461037871e-06
8.995746312978882e-06
8.663980661034225e-06
8.368551079571731e-06
8.108448813125215e-06
7.882783322253585e-06
7.690780109765082e-06
7.531778824602488e-06
7.405231641018558e-06
7.310701911006084e-06
7.247863088283902e-06
7.216497922478271e-06
