XSTART=-1.0
XEND=1.0
SIGMA=1.0
NX=1024
TSTART=0.000
TFINISH=8e-3
dt=8e-7
BC=2
0
0
0
0
0
0
0
0
0
0
0
0
0
0
0
0
0
0
0
0
0
0
0
0
0
0
0
0
0
0
0
0
0
0
0
0
0
0
0
0
0
0
0
0
0
0
0
0
0
0
0
0
0
0
0
0
0
0
0
0
0
0
0
0
0
0
0
0
0
0
0
0
0
0
0
0
0
0
0
0
0
0
0
0
0
0
0
0
0
0
0
0
0
0
0
0
0
0
0
0
0
0
0
0
0
0
0
0
0
0
0
0
0
0
0
0
0
0
0
0
0
0
0
0
0
0
0
0
0
0
0
0
0
0
0
0
0
0
0
0
0
0
0
0
0
0
0
0
0
0
0
0
0
0
0
0
0
0
0
0
0
0
0
0
0
0
0
0
0
0
0
0
0
0
0
0
0
0
0
0
0
0
0
0
0
0
0
0
0
0
0
0
0
0
0
0
0
0
0
0
0
0
0
0
0
0
0
0
0
0
0
0
0
0
0
0
0
0
0
0
0
0
0
0
0
0
0
0
0
0
0
0
0
0
0
0
0
0
0
0
0
0
0
0
0
0
0
0
0
0
0
0
0
0
0
0
0.0015354796769801256
0.007677325981094863
0.013818882672854272
0.019959918073846037
0.026100200525321648
0.03223949839693683
0.038377580095488695
0.04451421407365148
0.05064916883871277
0.05678221296130433
0.06291311508413418
0.0690416439307122
0.0751675683140765
0.08129065714551265
0.0874106794432728
0.09352740434128738
0.09964060109787573
0.10575003910444863
0.11185548789420918
0.11795671715084598
0.12405349671722074
0.1301455966040521
0.13623278699858965
0.14231483827328512
0.14839152099445266
0.15446260593092573
0.16052786406270253
0.16658706658958716
0.17263998493981889
0.17868639077869633
0.1847260560171892
0.19075875282054425
0.19678425361687818
0.2028023311057643
0.20881275826680437
0.21481530836819568
0.22080975497528119
0.2267958719590936
0.2327734335048837
0.23874221412064056
0.24470198864559617
0.25065253225872075
0.25659362048720213
0.2625250292149151
0.2684465346908742
0.27435791353767597
0.2802589427599237
0.2861493997526411
0.29202906230966813
0.29789770863204484
0.30375511733637733
0.30960106746318866
0.3154353384852556
0.3212577103159258
0.3270679633174218
0.33286587830912484
0.33865123657584484
0.3444238198760689
0.35018341045019624
0.3559297910287507
0.36166274484057875
0.3673820556210249
0.37308750762009124
0.3787788856105761
0.38445597489619177
0.3901185613196654
0.3957664312708159
0.4013993716946136
0.4070171700992157
0.4126196145639837
0.41820649374747637
0.42377759689542327
0.4293327138486739
0.4348716350511271
0.4403941515576343
0.4459000550418834
0.45138913780425577
0.45686119277966286
0.4623160135453565
0.46775339432871543
0.47317313001500894
0.4785750161551328
0.4839588489733235
0.48932442537484344
0.4946715429536442
0.4999999999999999
0.5053095955081184
0.5106001291837219
0.5158714014516043
0.5211232134631583
0.526355367103878
0.5315676650008316
0.5367599105301067
0.5419319078242285
0.547083461779547
0.5522143780635989
0.5573244631224367
0.5624135241879304
0.5674813692850408
0.5725278072390595
0.5775526476828219
0.5825557010638873
0.5875367786516907
0.5924956925446613
0.5974322556773108
0.602346281827291
0.6072375856224174
0.612105982547663
0.6169512889521181
0.621773322055919
0.6265718999571418
0.6313468416386655
0.6360979669749998
0.6408250967390805
0.6455280526090299
0.650206657174884
0.6548607339452851
0.6594901073541392
0.6640946027672391
0.6686740464888522
0.673228265768273
0.677757088806339
0.6822603447619127
0.6867378637583251
0.6911894768897848
0.6956150162277491
0.7000143148272591
0.7043872067332375
0.7087335269867483
0.7130531116312203
0.7173457977186316
0.7216114233156566
0.7258498275097748
0.7300608504153405
0.7342443331796147
0.738400117988757
0.7425280480737795
0.7466279677164598
0.7506997222552155
0.754743158090939
0.7587581226927909
0.7627444646039545
0.7667020334473491
0.7706306799313025
0.774530255855183
0.7784006141149897
0.7822416087089021
0.7860530947427874
0.7898349284356664
0.7935869671251374
0.7973090692727581
0.8010010944693846
0.8046629034404679
0.8082943580513082
0.8118953213122655
0.8154656573839274
0.8190052315822332
0.8225139103835546
0.825991561429733
0.829438053533072
0.8328532566812864
0.8362370420424068
0.839589281969639
0.8429098500061799
0.8461986208899877
0.8494554705585066
0.8526802761533476
0.8558729160249228
0.8590332697370339
0.8621612180714163
0.8652566430322356
0.8683194278505395
0.8713494569886621
0.8743466161445822
0.877310792256236
0.8802418735057812
0.8831397493238158
0.8860043103935487
0.8888354486549235
0.8916330573086951
0.8943970308204584
0.8971272649246291
0.8998236566283774
0.9024861042155127
0.9051145072503213
0.9077087665813542
0.9102687843451686
0.9127944639700184
0.9152857101794979
0.9177424289961361
0.920164527744941
0.9225519150568963
0.9249045008724078
0.927222196444701
0.9295049143431685
0.9317525684566684
0.9339650739967729
0.936142347500966
0.938284306835793
0.9403908711999581
0.9424619611273727
0.9444974984901529
0.9464974065015672
0.9484616097189329
0.9503900340464616
0.9522826067380551
0.9541392564000488
0.9559599129939057
0.9577445078388579
0.9594929736144974
0.9612052443633161
0.9628812554931937
0.9645209437798341
0.9661242473691507
0.9676911057795995
0.969221459904461
0.9707152520140693
0.9721724257579906
0.9735929261671483
0.9749766996558967
0.9763236940240428
0.9776338584588151
0.9789071435367803
0.980143501225708
0.9813428848863827
0.9825052492743627
0.9836305505416874
0.9847187462385308
0.9857697953148038
0.9867836581217014
0.9877602964131996
0.9886996733474973
0.9896017534884066
0.9904665028066895
0.9912938886813412
0.992083879900821
0.9928364466642299
0.9935515605824342
0.9942291946791368
0.9948693233918952
0.9954719225730846
0.9960369694908102
0.996564442829764
0.9970543226920288
0.9975065905978289
0.9979212294862279
0.9982982237157709
0.998637559065076
0.9989392227333699
0.9992032033409707
0.999429490929718
0.9996180769633478
0.9997689543278145
0.99988211733156
0.9999575617057275
0.9999952846043232
0.9999952846043232
0.9999575617057275
0.99988211733156
0.9997689543278145
0.9996180769633478
0.999429490929718
0.9992032033409707
0.9989392227333699
0.998637559065076
0.9982982237157709
0.9979212294862279
0.9975065905978289
0.9970543226920288
0.996564442829764
0.9960369694908102
0.9954719225730846
0.9948693233918952
0.9942291946791368
0.9935515605824342
0.9928364466642299
0.992083879900821
0.9912938886813412
0.9904665028066895
0.9896017534884066
0.9886996733474973
0.9877602964131996
0.9867836581217014
0.9857697953148038
0.9847187462385308
0.9836305505416874
0.9825052492743627
0.9813428848863827
0.980143501225708
0.9789071435367803
0.9776338584588152
0.976323694024043
0.9749766996558968
0.9735929261671483
0.9721724257579907
0.9707152520140694
0.969221459904461
0.9676911057795996
0.9661242473691507
0.9645209437798342
0.9628812554931938
0.9612052443633162
0.9594929736144975
0.957744507838858
0.9559599129939058
0.9541392564000489
0.9522826067380552
0.9503900340464617
0.948461609718933
0.9464974065015673
0.944497498490153
0.9424619611273728
0.9403908711999582
0.9382843068357931
0.9361423475009661
0.933965073996773
0.9317525684566687
0.9295049143431686
0.9272221964447012
0.9249045008724079
0.9225519150568964
0.9201645277449408
0.917742428996136
0.9152857101794978
0.9127944639700182
0.9102687843451684
0.9077087665813541
0.905114507250321
0.9024861042155126
0.8998236566283772
0.8971272649246289
0.8943970308204582
0.891633057308695
0.8888354486549234
0.8860043103935485
0.8831397493238157
0.8802418735057811
0.8773107922562358
0.874346616144582
0.8713494569886618
0.8683194278505394
0.8652566430322355
0.8621612180714161
0.8590332697370336
0.8558729160249225
0.8526802761533475
0.8494554705585063
0.8461986208899874
0.8429098500061797
0.8395892819696388
0.8362370420424067
0.8328532566812864
0.829438053533072
0.825991561429733
0.8225139103835546
0.8190052315822332
0.8154656573839274
0.8118953213122655
0.8082943580513082
0.8046629034404679
0.8010010944693846
0.7973090692727581
0.7935869671251374
0.7898349284356664
0.7860530947427874
0.7822416087089021
0.7784006141149897
0.774530255855183
0.7706306799313025
0.7667020334473491
0.7627444646039545
0.7587581226927909
0.754743158090939
0.7506997222552155
0.7466279677164598
0.7425280480737795
0.738400117988757
0.7342443331796147
0.7300608504153405
0.7258498275097748
0.7216114233156566
0.7173457977186316
0.7130531116312203
0.7087335269867483
0.7043872067332375
0.7000143148272591
0.6956150162277491
0.6911894768897848
0.6867378637583251
0.6822603447619127
0.677757088806339
0.673228265768273
0.6686740464888522
0.6640946027672391
0.6594901073541392
0.6548607339452851
0.650206657174884
0.6455280526090299
0.6408250967390805
0.6360979669749998
0.6313468416386655
0.6265718999571418
0.621773322055919
0.6169512889521181
0.612105982547663
0.6072375856224174
0.602346281827291
0.5974322556773108
0.5924956925446613
0.5875367786516907
0.5825557010638873
0.5775526476828219
0.5725278072390595
0.5674813692850408
0.5624135241879304
0.5573244631224367
0.5522143780635991
0.5470834617795474
0.5419319078242287
0.5367599105301072
0.5315676650008319
0.5263553671038783
0.5211232134631586
0.5158714014516045
0.5106001291837222
0.5053095955081186
0.5000000000000003
0.49467154295364435
0.48932442537484383
0.4839588489733237
0.4785750161551332
0.4731731300150091
0.4677533943287158
0.46231601354535673
0.45686119277966325
0.4513891378042562
0.44590005504188357
0.44039415155763467
0.4348716350511273
0.42933271384867433
0.42377759689542344
0.41820649374747676
0.41261961456398394
0.4070171700992161
0.4013993716946138
0.39576643127081634
0.3901185613196656
0.38445597489619215
0.37877888561057566
0.3730875076200911
0.36738205562102444
0.36166274484057837
0.35592979102875055
0.35018341045019585
0.3444238198760687
0.3386512365758444
0.3328658783091247
0.3270679633174214
0.3212577103159256
0.3154353384852552
0.30960106746318844
0.3037551173363769
0.2978977086320446
0.29202906230966774
0.28614939975264064
0.28025894275992325
0.2743579135376756
0.268446534690874
0.26252502921491466
0.2565936204872019
0.25065253225872036
0.24470198864559595
0.23874221412064014
0.23277343350488347
0.22679587195909315
0.22080975497528096
0.21481530836819523
0.20881275826680418
0.20280233110576384
0.19678425361687818
0.19075875282054425
0.1847260560171892
0.17868639077869633
0.17263998493981889
0.16658706658958716
0.16052786406270253
0.15446260593092573
0.14839152099445266
0.14231483827328512
0.13623278699858965
0.1301455966040521
0.12405349671722074
0.11795671715084598
0.11185548789420918
0.10575003910444863
0.09964060109787573
0.09352740434128738
0.0874106794432728
0.08129065714551265
0.0751675683140765
0.0690416439307122
0.06291311508413418
0.05678221296130433
0.05064916883871277
0.04451421407365148
0.038377580095488695
0.03223949839693683
0.026100200525321648
0.019959918073846037
0.013818882672854272
0.007677325981094863
0.0015354796769801256
0
0
0
0
0
0
0
0
0
0
0
0
0
0
0
0
0
0
0
0
0
0
0
0
0
0
0
0
0
0
0
0
0
0
0
0
0
0
0
0
0
0
0
0
0
0
0
0
0
0
0
0
0
0
0
0
0
0
0
0
0
0
0
0
0
0
0
0
0
0
0
0
0
0
0
0
0
0
0
0
0
0
0
0
0
0
0
0
0
0
0
0
0
0
0
0
0
0
0
0
0
0
0
0
0
0
0
0
0
0
0
0
0
0
0
0
0
0
0
0
0
0
0
0
0
0
0
0
0
0
0
0
0
0
0
0
0
0
0
0
0
0
0
0
0
0
0
0
0
0
0
0
0
0
0
0
0
0
0
0
0
0
0
0
0
0
0
0
0
0
0
0
0
0
0
0
0
0
0
0
0
0
0
0
0
0
0
0
0
0
0
0
0
0
0
0
0
0
0
0
0
0
0
0
0
0
0
0
0
0
0
0
0
0
0
0
0
0
0
0
0
0
0
0
0
0
0
0
0
0
0
0
0
0
0
0
0
0
0
0
0
0
0
0
0
0
0
0
0
0
0
0
0
0
0
0