6.837094926748374e-06
6.867025200653037e-06
6.926990104856143e-06
7.017198612676743e-06
7.137964835759632e-06
7.289708807019588e-06
7.472957526140878e-06
7.688346268979637e-06
7.936620162551673e-06
8.218636027622166e-06
8.535364491245934e-06
8.887892371937546e-06
9.277425340479000e-06
9.705290859698893e-06
1.017294140688060e-05
1.068195798277758e-05
1.123405391153134e-05
1.183107893610174e-05
1.247502361412882e-05
1.316802401945187e-05
1.391236675481194e-05
1.471049428156079e-05
1.556501057249002e-05
1.647868709417919e-05
1.745446912554092e-05
1.849548241951326e-05
1.960504021511481e-05
2.078665060733609e-05
2.204402428259002e-05
2.338108262768600e-05
2.480196622052354e-05
2.631104371092449e-05
2.791292110023459e-05
2.961245142852694e-05
3.141474487842970e-05
3.332517930477858e-05
3.534941119945985e-05
3.749338710096188e-05
3.976335545829082e-05
4.216587895902975e-05
4.470784733142813e-05
4.739649063050042e-05
5.023939301818706e-05
5.324450704768875e-05
5.642016846212288e-05
5.977511151767117e-05
6.331848484138620e-05
6.705986783380366e-05
7.100928762646354e-05
7.517723660437809e-05
7.957469050339523e-05
8.421312709229298e-05
8.910454544930201e-05
9.426148584258969e-05
9.969705022404789e-05
1.054249233455084e-04
1.114593945062629e-04
1.178153799404894e-04
1.245084458528788e-04
1.315548321104201e-04
1.389714765979351e-04
1.467760402445475e-04
1.549869327278442e-04
1.636233388620116e-04
1.727052456757319e-04
1.822534701850828e-04
1.922896878661112e-04
2.028364618311424e-04
2.139172727122332e-04
2.255565492544991e-04
2.377796996213140e-04
2.506131434126248e-04
2.640843443968164e-04
2.782218439557269e-04
2.930552952415250e-04
3.086154980432502e-04
3.249344343598446e-04
3.420453046755144e-04
3.599825649322122e-04
3.787819641929491e-04
3.984805829885297e-04
4.191168723391352e-04
4.407306934409847e-04
4.633633580070605e-04
4.870576692496078e-04
5.118579634908003e-04
5.378101523866102e-04
5.649617657475293e-04
5.933619949383619e-04
6.230617368378476e-04
6.541136383373772e-04
6.865721413565364e-04
7.204935283516528e-04
7.559359682919298e-04
7.929595630761391e-04
8.316263943611893e-04
8.720005707722270e-04
9.141482754622280e-04
9.581378139873250e-04
1.004039662462380e-03
1.051926515959569e-03
1.101873337110964e-03
1.153957404874344e-03
1.208258363419653e-03
1.264858271091753e-03
1.323841649403311e-03
1.385295532009847e-03
1.449309513617215e-03
1.515975798769939e-03
1.585389250467088e-03
1.657647438550585e-03
1.732850687809087e-03
1.811102125738829e-03
1.892507729901126e-03
1.977176374814519e-03
2.065219878317902e-03
2.156753047339325e-03
2.251893723003605e-03
2.350762825010298e-03
2.453484395212101e-03
2.560185640322301e-03
2.670996973678484e-03
2.786052055988377e-03
2.905487834982412e-03
3.029444583896418e-03
3.158065938706658e-03
3.291498934038416e-03
3.429894037668311e-03
3.573405183539645e-03
3.722189803209246e-03
3.876408855643582e-03
4.036226855281275e-03
4.201811898278601e-03
4.373335686854200e-03
4.550973551648844e-03
4.734904472015939e-03
4.925311094158385e-03
5.122379747027365e-03
5.326300455898924e-03
5.537266953544338e-03
5.755476688910832e-03
5.981130833229623e-03
6.214434283469068e-03
6.455595663051426e-03
6.704827319752764e-03
6.962345320706629e-03
7.228369444433357e-03
7.503123169818295e-03
7.786833661963784e-03
8.079731754841404e-03
8.382051930672908e-03
8.694032295970204e-03
9.015914554166960e-03
9.347943974776729e-03
9.690369359014869e-03
1.004344300182431e-02
1.040742065024787e-02
1.078256145809276e-02
1.116912793683616e-02
1.156738590272373e-02
1.197760442001645e-02
1.240005574034486e-02
1.283501523813300e-02
1.328276134205867e-02
1.374357546252029e-02
1.421774191508476e-02
1.470554783989496e-02
1.520728311702004e-02
1.572324027773572e-02
1.625371441172690e-02
1.679900307020922e-02
1.735940616497111e-02
1.793522586334291e-02
1.852676647910443e-02
1.913433435934767e-02
1.975823776731625e-02
2.039878676124882e-02
2.105629306925856e-02
2.173106996028663e-02
2.242343211117263e-02
2.313369546989077e-02
2.386217711500596e-02
2.460919511140932e-02
2.537506836239866e-02
2.616011645817458e-02
2.696465952082863e-02
2.778901804590568e-02
2.863351274062792e-02
2.949846435887361e-02
3.038419353300915e-02
3.129102060267858e-02
3.221926544065979e-02
3.316924727590222e-02
3.414128451386612e-02
3.513569455428842e-02
3.615279360650539e-02
3.719289650246741e-02
3.825631650758569e-02
3.934336512955579e-02
4.045435192530721e-02
4.158958430623275e-02
4.274936734185580e-02
4.393400356209767e-02
4.514379275831083e-02
4.637903178324832e-02
4.764001435014246e-02
4.892703083106983e-02
5.024036805478231e-02
5.158030910418733e-02
5.294713311366284e-02
5.434111506639515e-02
5.576252559193007e-02
5.721163076412984e-02
5.868869189972986e-02
6.019396535769114e-02
6.172770233954528e-02
6.329014869092983e-02
6.488154470451296e-02
6.650212492450620e-02
6.815211795296464e-02
6.983174625807373e-02
7.154122598462136e-02
7.328076676685320e-02
7.505057154390833e-02
7.685083637803114e-02
7.868175027575336e-02
8.054349501223904e-02
8.243624495898230e-02
8.436016691504598e-02
8.631541994202624e-02
8.830215520292524e-02
9.032051580511079e-02
9.237063664753842e-02
9.445264427240724e-02
9.656665672141720e-02
9.871278339679085e-02
1.008911249272181e-01
1.031017730388776e-01
1.053448104316839e-01
1.076203106609024e-01
1.099283380242713e-01
1.122689474547619e-01
1.146421844191019e-01
1.170480848221846e-01
1.194866749174739e-01
1.219579712235146e-01
1.244619804466459e-01
1.269986994100133e-01
1.295681149889637e-01
1.321702040529030e-01
1.348049334136877e-01
1.374722597806149e-01
1.401721297220669e-01
1.429044796338600e-01
1.456692357143376e-01
1.484663139462421e-01
1.512956200853913e-01
1.541570496561754e-01
1.570504879538863e-01
1.599758100538799e-01
1.629328808275659e-01
1.659215549652099e-01
1.689416770055280e-01
1.719930813720414e-01
1.750755924161558e-01
1.781890244669189e-01
1.813331818874026e-01
1.845078591376505e-01
1.877128408441217e-01
1.909479018755548e-01
1.942128074251706e-01
1.975073130991226e-01
2.008311650110981e-01
2.041840998829676e-01
2.075658451513700e-01
2.109761190801184e-01
2.144146308783026e-01
2.178810808239591e-01
2.213751603931727e-01
2.248965523944712e-01
2.284449311083635e-01
2.320199624318726e-01
2.356213040279056e-01
2.392486054792998e-01
2.429015084473791e-01
2.465796468348515e-01
2.502826469528732e-01
2.540101276921017e-01
2.577617006975588e-01
2.615369705471162e-01
2.653355349334207e-01
2.691569848490668e-01
2.730009047748260e-01
2.768668728707396e-01
2.807544611698795e-01
2.846632357745786e-01
2.885927570549364e-01
2.925425798493973e-01
2.965122536672051e-01
3.005013228925330e-01
3.045093269900888e-01
3.085358007119997e-01
3.125802743057721e-01
3.166422737231347e-01
3.207213208295647e-01
3.248169336143020e-01
3.289286264006595e-01
3.330559100564368e-01
3.371982922042467e-01
3.413552774315691e-01
3.455263675003464e-01
3.497110615559392e-01
3.539088563352635e-01
3.581192463739342e-01
3.623417242122419e-01
3.665757805997963e-01
3.708209046986702e-01
3.750765842848854e-01
3.793423059480826e-01
3.836175552892241e-01
3.879018171161830e-01
3.921945756370742e-01
3.964953146511914e-01
4.008035177374155e-01
4.051186684399672e-01
4.094402504513817e-01
4.137677477925846e-01
4.181006449899626e-01
4.224384272493151e-01
4.267805806265897e-01
4.311265921953054e-01
4.354759502105690e-01
4.398281442696054e-01
4.441826654687167e-01
4.485390065566003e-01
4.528966620839555e-01
4.572551285493167e-01
4.616139045410554e-01
4.659724908755000e-01
4.703303907311269e-01
4.746871097787820e-01
4.790421563078980e-01
4.833950413486765e-01
4.877452787902113e-01
4.920923854945332e-01
4.964358814065606e-01
5.007752896599503e-01
5.051101366788392e-01
5.094399522754822e-01
5.137642697437887e-01
5.180826259487682e-01
5.223945614119007e-01
5.266996203924498e-01
5.309973509647417e-01
5.352873050914380e-01
5.395690386928329e-01
5.438421117122116e-01
5.481060881773071e-01
5.523605362578984e-01
5.566050283195982e-01
5.608391409738767e-01
5.650624551243751e-01
5.692745560095658e-01
5.734750332418147e-01
5.776634808429105e-01
5.818394972761208e-01
5.860026854748438e-01
5.901526528679230e-01
5.942890114016949e-01
5.984113775588434e-01
6.025193723741322e-01
6.066126214470944e-01
6.106907549517545e-01
6.147534076434610e-01
6.188002188629107e-01
6.228308325374444e-01
6.268448971796963e-01
6.308420658836787e-01
6.348219963183865e-01
6.387843507190027e-01
6.427287958757916e-01
6.466550031207607e-01
6.505626483121790e-01
6.544514118170317e-01
6.583209784915001e-01
6.621710376595445e-01
6.660012830896821e-01
6.698114129700311e-01
6.736011298817159e-01
6.773701407707051e-01
6.811181569181696e-01
6.848448939094363e-01
6.885500716016211e-01
6.922334140900148e-01
6.958946496733023e-01
6.995335108176883e-01
7.031497341200073e-01
7.067430602698861e-01
7.103132340110375e-01
7.138600041017494e-01
7.173831232746413e-01
7.208823481957554e-01
7.243574394230492e-01
7.278081613643507e-01
7.312342822348410e-01
7.346355740141284e-01
7.380118124029647e-01
7.413627767796714e-01
7.446882501563243e-01
7.479880191347527e-01
7.512618738624075e-01
7.545096079881460e-01
7.577310186179821e-01
7.609259062708509e-01
7.640940748344321e-01
7.672353315210733e-01
7.703494868238571e-01
7.734363544728513e-01
7.764957513915807e-01
7.795274976537526e-01
7.825314164402780e-01
7.855073339966140e-01
7.884550795904615e-01
7.913744854698495e-01
7.942653868216292e-01
7.971276217304075e-01
7.999610311379434e-01
8.027654588030297e-01
8.055407512618817e-01
8.082867577890522e-01
8.110033303588924e-01
8.136903236075752e-01
8.163475947956946e-01
8.189750037714587e-01
8.215724129344852e-01
8.241396872002151e-01
8.266766939649509e-01
8.291833030715312e-01
8.316593867756480e-01
8.341048197128140e-01
8.365194788659854e-01
8.389032435338457e-01
8.412559952997509e-01
8.435776180013432e-01
8.458679977008312e-01
8.481270226559392e-01
8.503545832915242e-01
8.525505721718617e-01
8.547148839735953e-01
8.568474154593508e-01
8.589480654520110e-01
8.610167348096444e-01
8.630533264010880e-01
8.650577450821757e-01
8.670298976726074e-01
8.689696929334548e-01
8.708770415452927e-01
8.727518560869543e-01
8.745940510148987e-01
8.764035426431857e-01
8.781802491240458e-01
8.799240904290433e-01
8.816349883308155e-01
8.833128663853873e-01
8.849576499150447e-01
8.865692659917622e-01
8.881476434211734e-01
8.896927127270742e-01
8.912044061364481e-01
8.926826575650074e-01
8.941274026032335e-01
8.955385785029131e-01
8.969161241641559e-01
8.982599801228840e-01
8.995700885387850e-01
9.008463931837153e-01
9.020888394305471e-01
9.032973742424464e-01
9.044719461625728e-01
9.056125053041916e-01
9.067190033411889e-01
9.077913934989790e-01
9.088296305457944e-01
9.098336707843513e-01
9.108034720438791e-01
9.117389936725068e-01
9.126401965299957e-01
9.135070429808122e-01
9.143394968875302e-01
9.151375236045564e-01
9.159010899721705e-01
9.166301643108726e-01
9.173247164160307e-01
9.179847175528202e-01
9.186101404514503e-01
9.192009593026699e-01
9.197571497535475e-01
9.202786889035175e-01
9.207655553006895e-01
9.212177289384134e-01
9.216351912520980e-01
9.220179251162741e-01
9.223659148419028e-01
9.226791461739201e-01
9.229576062890188e-01
9.232012837936605e-01
9.234101687223164e-01
9.235842525359342e-01
9.237235281206291e-01
9.238279897865942e-01
9.238976332672325e-01
9.239324557185068e-01
9.239324557185069e-01
9.238976332672325e-01
9.238279897865942e-01
9.237235281206293e-01
9.235842525359343e-01
9.234101687223164e-01
9.232012837936605e-01
9.229576062890188e-01
9.226791461739201e-01
9.223659148419030e-01
9.220179251162743e-01
9.216351912520980e-01
9.212177289384134e-01
9.207655553006895e-01
9.202786889035175e-01
9.197571497535475e-01
9.192009593026700e-01
9.186101404514502e-01
9.179847175528201e-01
9.173247164160304e-01
9.166301643108723e-01
9.159010899721699e-01
9.151375236045558e-01
9.143394968875296e-01
9.135070429808116e-01
9.126401965299953e-01
9.117389936725064e-01
9.108034720438789e-01
9.098336707843512e-01
9.088296305457944e-01
9.077913934989790e-01
9.067190033411887e-01
9.056125053041911e-01
9.044719461625723e-01
9.032973742424459e-01
9.020888394305466e-01
9.008463931837151e-01
8.995700885387848e-01
8.982599801228840e-01
8.969161241641559e-01
8.955385785029131e-01
8.941274026032335e-01
8.926826575650072e-01
8.912044061364479e-01
8.896927127270736e-01
8.881476434211729e-01
8.865692659917617e-01
8.849576499150442e-01
8.833128663853871e-01
8.816349883308154e-01
8.799240904290435e-01
8.781802491240462e-01
8.764035426431861e-01
8.745940510148993e-01
8.727518560869546e-01
8.708770415452928e-01
8.689696929334549e-01
8.670298976726074e-01
8.650577450821756e-01
8.630533264010878e-01
8.610167348096441e-01
8.589480654520109e-01
8.568474154593509e-01
8.547148839735954e-01
8.525505721718620e-01
8.503545832915248e-01
8.481270226559399e-01
8.458679977008321e-01
8.435776180013440e-01
8.412559952997517e-01
8.389032435338465e-01
8.365194788659864e-01
8.341048197128148e-01
8.316593867756490e-01
8.291833030715322e-01
8.266766939649519e-01
8.241396872002160e-01
8.215724129344861e-01
8.189750037714595e-01
8.163475947956953e-01
8.136903236075759e-01
8.110033303588929e-01
8.082867577890528e-01
8.055407512618823e-01
8.027654588030303e-01
7.999610311379437e-01
7.971276217304075e-01
7.942653868216292e-01
7.913744854698496e-01
7.884550795904617e-01
7.855073339966141e-01
7.825314164402783e-01
7.795274976537527e-01
7.764957513915808e-01
7.734363544728515e-01
7.703494868238570e-01
7.672353315210734e-01
7.640940748344320e-01
7.609259062708508e-01
7.577310186179818e-01
7.545096079881459e-01
7.512618738624074e-01
7.479880191347525e-01
7.446882501563241e-01
7.413627767796714e-01
7.380118124029647e-01
7.346355740141284e-01
7.312342822348412e-01
7.278081613643508e-01
7.243574394230494e-01
7.208823481957556e-01
7.173831232746412e-01
7.138600041017494e-01
7.103132340110374e-01
7.067430602698860e-01
7.031497341200070e-01
6.995335108176883e-01
6.958946496733023e-01
6.922334140900148e-01
6.885500716016211e-01
6.848448939094361e-01
6.811181569181693e-01
6.773701407707048e-01
6.736011298817156e-01
6.698114129700309e-01
6.660012830896818e-01
6.621710376595444e-01
6.583209784914997e-01
6.544514118170316e-01
6.505626483121788e-01
6.466550031207607e-01
6.427287958757916e-01
6.387843507190027e-01
6.348219963183866e-01
6.308420658836787e-01
6.268448971796962e-01
6.228308325374443e-01
6.188002188629105e-01
6.147534076434609e-01
6.106907549517545e-01
6.066126214470944e-01
6.025193723741322e-01
5.984113775588435e-01
5.942890114016951e-01
5.901526528679232e-01
5.860026854748440e-01
5.818394972761211e-01
5.776634808429107e-01
5.734750332418148e-01
5.692745560095658e-01
5.650624551243751e-01
5.608391409738767e-01
5.566050283195981e-01
5.523605362578983e-01
5.481060881773070e-01
5.438421117122116e-01
5.395690386928329e-01
5.352873050914380e-01
5.309973509647417e-01
5.266996203924498e-01
5.223945614119005e-01
5.180826259487681e-01
5.137642697437886e-01
5.094399522754822e-01
5.051101366788391e-01
5.007752896599501e-01
4.964358814065606e-01
4.920923854945332e-01
4.877452787902112e-01
4.833950413486764e-01
4.790421563078979e-01
4.746871097787818e-01
4.703303907311268e-01
4.659724908755000e-01
4.616139045410554e-01
4.572551285493169e-01
4.528966620839558e-01
4.485390065566005e-01
4.441826654687169e-01
4.398281442696056e-01
4.354759502105692e-01
4.311265921953056e-01
4.267805806265901e-01
4.224384272493155e-01
4.181006449899630e-01
4.137677477925850e-01
4.094402504513820e-01
4.051186684399676e-01
4.008035177374158e-01
3.964953146511918e-01
3.921945756370745e-01
3.879018171161833e-01
3.836175552892245e-01
3.793423059480828e-01
3.750765842848857e-01
3.708209046986703e-01
3.665757805997965e-01
3.623417242122421e-01
3.581192463739344e-01
3.539088563352638e-01
3.497110615559393e-01
3.455263675003466e-01
3.413552774315693e-01
3.371982922042469e-01
3.330559100564370e-01
3.289286264006597e-01
3.248169336143021e-01
3.207213208295649e-01
3.166422737231350e-01
3.125802743057723e-01
3.085358007119999e-01
3.045093269900890e-01
3.005013228925331e-01
2.965122536672053e-01
2.925425798493975e-01
2.885927570549366e-01
2.846632357745788e-01
2.807544611698797e-01
2.768668728707399e-01
2.730009047748262e-01
2.691569848490670e-01
2.653355349334210e-01
2.615369705471165e-01
2.577617006975591e-01
2.540101276921020e-01
2.502826469528733e-01
2.465796468348517e-01
2.429015084473793e-01
2.392486054792999e-01
2.356213040279058e-01
2.320199624318727e-01
2.284449311083637e-01
2.248965523944714e-01
2.213751603931728e-01
2.178810808239592e-01
2.144146308783028e-01
2.109761190801185e-01
2.075658451513701e-01
2.041840998829678e-01
2.008311650110984e-01
1.975073130991228e-01
1.942128074251709e-01
1.909479018755551e-01
1.877128408441219e-01
1.845078591376507e-01
1.813331818874028e-01
1.781890244669191e-01
1.750755924161561e-01
1.719930813720416e-01
1.689416770055283e-01
1.659215549652102e-01
1.629328808275661e-01
1.599758100538802e-01
1.570504879538865e-01
1.541570496561756e-01
1.512956200853915e-01
1.484663139462423e-01
1.456692357143377e-01
1.429044796338602e-01
1.401721297220671e-01
1.374722597806150e-01
1.348049334136878e-01
1.321702040529031e-01
1.295681149889638e-01
1.269986994100134e-01
1.244619804466460e-01
1.219579712235147e-01
1.194866749174740e-01
1.170480848221846e-01
1.146421844191019e-01
1.122689474547619e-01
1.099283380242715e-01
1.076203106609025e-01
1.053448104316840e-01
1.031017730388777e-01
1.008911249272181e-01
9.871278339679095e-02
9.656665672141733e-02
9.445264427240738e-02
9.237063664753854e-02
9.032051580511088e-02
8.830215520292534e-02
8.631541994202635e-02
8.436016691504609e-02
8.243624495898241e-02
8.054349501223916e-02
7.868175027575347e-02
7.685083637803124e-02
7.505057154390844e-02
7.328076676685330e-02
7.154122598462147e-02
6.983174625807383e-02
6.815211795296471e-02
6.650212492450625e-02
6.488154470451299e-02
6.329014869092986e-02
6.172770233954530e-02
6.019396535769116e-02
5.868869189972986e-02
5.721163076412984e-02
5.576252559193008e-02
5.434111506639518e-02
5.294713311366286e-02
5.158030910418736e-02
5.024036805478233e-02
4.892703083106985e-02
4.764001435014249e-02
4.637903178324834e-02
4.514379275831085e-02
4.393400356209769e-02
4.274936734185582e-02
4.158958430623275e-02
4.045435192530721e-02
3.934336512955582e-02
3.825631650758572e-02
3.719289650246744e-02
3.615279360650541e-02
3.513569455428844e-02
3.414128451386614e-02
3.316924727590224e-02
3.221926544065981e-02
3.129102060267860e-02
3.038419353300916e-02
2.949846435887362e-02
2.863351274062794e-02
2.778901804590570e-02
2.696465952082865e-02
2.616011645817460e-02
2.537506836239868e-02
2.460919511140933e-02
2.386217711500598e-02
2.313369546989079e-02
2.242343211117265e-02
2.173106996028665e-02
2.105629306925858e-02
2.039878676124883e-02
1.975823776731625e-02
1.913433435934768e-02
1.852676647910444e-02
1.793522586334292e-02
1.735940616497112e-02
1.679900307020923e-02
1.625371441172691e-02
1.572324027773573e-02
1.520728311702005e-02
1.470554783989497e-02
1.421774191508476e-02
1.374357546252030e-02
1.328276134205868e-02
1.283501523813300e-02
1.240005574034487e-02
1.197760442001646e-02
1.156738590272373e-02
1.116912793683617e-02
1.078256145809276e-02
1.040742065024787e-02
1.004344300182432e-02
9.690369359014872e-03
9.347943974776732e-03
9.015914554166964e-03
8.694032295970206e-03
8.382051930672910e-03
8.079731754841404e-03
7.786833661963782e-03
7.503123169818294e-03
7.228369444433355e-03
6.962345320706626e-03
6.704827319752761e-03
6.455595663051423e-03
6.214434283469067e-03
5.981130833229622e-03
5.755476688910833e-03
5.537266953544340e-03
5.326300455898924e-03
5.122379747027366e-03
4.925311094158384e-03
4.734904472015939e-03
4.550973551648842e-03
4.373335686854198e-03
4.201811898278599e-03
4.036226855281272e-03
3.876408855643580e-03
3.722189803209243e-03
3.573405183539643e-03
3.429894037668309e-03
3.291498934038413e-03
3.158065938706655e-03
3.029444583896416e-03
2.905487834982410e-03
2.786052055988375e-03
2.670996973678482e-03
2.560185640322299e-03
2.453484395212098e-03
2.350762825010296e-03
2.251893723003603e-03
2.156753047339323e-03
2.065219878317900e-03
1.977176374814518e-03
1.892507729901124e-03
1.811102125738827e-03
1.732850687809085e-03
1.657647438550583e-03
1.585389250467086e-03
1.515975798769938e-03
1.449309513617214e-03
1.385295532009846e-03
1.323841649403310e-03
1.264858271091753e-03
1.208258363419652e-03
1.153957404874344e-03
1.101873337110964e-03
1.051926515959569e-03
1.004039662462380e-03
9.581378139873248e-04
9.141482754622279e-04
8.720005707722268e-04
8.316263943611891e-04
7.929595630761389e-04
7.559359682919296e-04
7.204935283516527e-04
6.865721413565365e-04
6.541136383373773e-04
6.230617368378476e-04
5.933619949383619e-04
5.649617657475293e-04
5.378101523866102e-04
5.118579634908004e-04
4.870576692496079e-04
4.633633580070606e-04
4.407306934409848e-04
4.191168723391353e-04
3.984805829885297e-04
3.787819641929491e-04
3.599825649322121e-04
3.420453046755144e-04
3.249344343598445e-04
3.086154980432502e-04
2.930552952415250e-04
2.782218439557267e-04
2.640843443968163e-04
2.506131434126247e-04
2.377796996213139e-04
2.255565492544990e-04
2.139172727122331e-04
2.028364618311424e-04
1.922896878661113e-04
1.822534701850828e-04
1.727052456757320e-04
1.636233388620117e-04
1.549869327278442e-04
1.467760402445476e-04
1.389714765979352e-04
1.315548321104202e-04
1.245084458528788e-04
1.178153799404895e-04
1.114593945062629e-04
1.054249233455084e-04
9.969705022404796e-05
9.426148584258974e-05
8.910454544930206e-05
8.421312709229302e-05
7.957469050339526e-05
7.517723660437810e-05
7.100928762646356e-05
6.705986783380369e-05
6.331848484138623e-05
5.977511151767119e-05
5.642016846212289e-05
5.324450704768876e-05
5.023939301818708e-05
4.739649063050044e-05
4.470784733142814e-05
4.216587895902975e-05
3.976335545829082e-05
3.749338710096189e-05
3.534941119945985e-05
3.332517930477858e-05
3.141474487842971e-05
2.961245142852695e-05
2.791292110023461e-05
2.631104371092451e-05
2.480196622052357e-05
2.338108262768602e-05
2.204402428259004e-05
2.078665060733610e-05
1.960504021511483e-05
1.849548241951327e-05
1.745446912554093e-05
1.647868709417920e-05
1.556501057249003e-05
1.471049428156080e-05
1.391236675481194e-05
1.316802401945187e-05
1.247502361412881e-05
1.183107893610173e-05
1.123405391153135e-05
1.068195798277758e-05
1.017294140688061e-05
9.705290859698898e-06
9.277425340479007e-06
8.887892371937552e-06
8.535364491245941e-06
8.218636027622169e-06
7.936620162551678e-06
7.688346268979640e-06
7.472957526140880e-06
7.289708807019586e-06
7.137964835759631e-06
7.017198612676740e-06
6.926990104856142e-06
6.867025200653036e-06
6.837094926748374e-06
