1.862854736315142e-06
1.873324235104649e-06
1.894311349705172e-06
1.925912481172292e-06
1.968272648980202e-06
2.021585993497154e-06
2.086096447630454e-06
2.162098579079619e-06
2.249938604996717e-06
2.350015581213706e-06
2.462782768557964e-06
2.588749179139173e-06
2.728481305853316e-06
2.882605038712894e-06
3.051807771976490e-06
3.236840706415633e-06
3.438521351422422e-06
3.657736232027670e-06
3.895443806266273e-06
4.152677598694085e-06
4.430549556228761e-06
4.730253632855556e-06
5.053069610108056e-06
5.400367160602807e-06
5.773610162275920e-06
6.174361271338533e-06
6.604286762336375e-06
7.065161644066261e-06
7.558875060468972e-06
8.087435985983087e-06
8.652979225207808e-06
9.257771727084028e-06
9.904219224161553e-06
1.059487320787594e-05
1.133243825111027e-05
1.211977968966490e-05
1.295993167460133e-05
1.385610560776354e-05
1.481169897311175e-05
1.583030457682804e-05
1.691572020947001e-05
1.807195874375745e-05
1.930325868187567e-05
2.061409516646862e-05
2.200919146977234e-05
2.349353097560504e-05
2.507236966918291e-05
2.675124914996836e-05
2.853601018298101e-05
3.043280680420753e-05
3.244812099593515e-05
3.458877794800364e-05
3.686196192111929e-05
3.927523272850280e-05
4.183654285224736e-05
4.455425521084400e-05
4.743716159438588e-05
5.049450178399064e-05
5.373598337197890e-05
5.717180229931550e-05
6.081266412675687e-05
6.466980605605137e-05
6.875501971740832e-05
7.308067473928323e-05
7.765974311632109e-05
8.250582439105356e-05
8.763317166465937e-05
9.305671845176688e-05
9.879210639390364e-05
1.048557138457769e-04
1.112646853481008e-04
1.180369620001683e-04
1.251913127447973e-04
1.327473665776594e-04
1.407256456923252e-04
1.491475995716295e-04
1.580356400351736e-04
1.674131772519356e-04
1.773046567260574e-04
1.877355972629104e-04
1.987326299215151e-04
2.103235379583032e-04
2.225372977660536e-04
2.354041208106181e-04
2.489554965667686e-04
2.632242364531482e-04
2.782445187648902e-04
2.940519346009876e-04
3.106835347819424e-04
3.281778777516051e-04
3.465750784554280e-04
3.659168581855991e-04
3.862465953817037e-04
4.076093773736661e-04
4.300520530517724e-04
4.536232864465490e-04
4.783736111991842e-04
5.043554859010312e-04
5.316233502785130e-04
5.602336821974775e-04
5.902450554587135e-04
6.217181983539486e-04
6.547160529491992e-04
6.893038350598458e-04
7.255490948792480e-04
7.635217782201263e-04
8.032942883252782e-04
8.449415482015249e-04
8.885410634280501e-04
9.341729853875416e-04
9.819201748657519e-04
1.031868265962284e-03
1.084105730252563e-03
1.138723941138118e-03
1.195817238319398e-03
1.255482992322516e-03
1.317821669008398e-03
1.382936893989963e-03
1.450935516880090e-03
1.521927675290280e-03
1.596026858497091e-03
1.673349970690625e-03
1.754017393716578e-03
1.838153049220644e-03
1.925884460101374e-03
2.017342811174983e-03
2.112663008953021e-03
2.211983740431340e-03
2.315447530786374e-03
2.423200799872408e-03
2.535393917411278e-03
2.652181256763802e-03
2.773721247170195e-03
2.900176424344834e-03
3.031713479308888e-03
3.168503305342714e-03
3.310721042938356e-03
3.458546122631122e-03
3.612162305587958e-03
3.771757721829297e-03
3.937524905960156e-03
4.109660830285497e-03
4.288366935184374e-03
4.473849156617016e-03
4.666317950638828e-03
4.865988314795362e-03
5.073079806272580e-03
5.287816556677176e-03
5.510427283322441e-03
5.741145296896111e-03
5.980208505387729e-03
6.227859414154542e-03
6.484345122006509e-03
6.749917313192954e-03
7.024832245175493e-03
7.309350732074273e-03
7.603738123677237e-03
7.908264279904976e-03
8.223203540626970e-03
8.548834690728408e-03
8.885440920330482e-03
9.233309780071010e-03
9.592733131356493e-03
9.964007091501114e-03
1.034743197367305e-02
1.074331222157337e-02
1.115195633877802e-02
1.157367681267915e-02
1.200879003296741e-02
1.245761620460311e-02
1.292047925523045e-02
1.339770673699510e-02
1.388962972273257e-02
1.439658269650146e-02
1.491890343844276e-02
1.545693290395392e-02
1.601101509717368e-02
1.658149693878151e-02
1.716872812812333e-02
1.777306099968315e-02
1.839485037392848e-02
1.903445340256576e-02
1.969222940825033e-02
2.036853971880416e-02
2.106374749600295e-02
2.177821755900340e-02
2.251231620248960e-02
2.326641100962688e-02
2.404087065992000e-02
2.483606473208158e-02
2.565236350202553e-02
2.649013773610904e-02
2.734975847975565e-02
2.823159684160073e-02
2.913602377330908e-02
3.006340984522357e-02
3.101412501801169e-02
3.198853841048569e-02
3.298701806378011e-02
3.400993070207846e-02
3.505764149008914e-02
3.613051378747791e-02
3.722890890047216e-02
3.835318583085941e-02
3.950370102260925e-02
4.068080810635521e-02
4.188485764197899e-02
4.311619685954618e-02
4.437516939884809e-02
4.566211504781005e-02
4.697736948003183e-02
4.832126399173028e-02
4.969412523835937e-02
5.109627497118617e-02
5.252802977410583e-02
5.398970080098087e-02
5.548159351379390e-02
5.700400742190473e-02
5.855723582270474e-02
6.014156554396348e-02
6.175727668816255e-02
6.340464237911350e-02
6.508392851115558e-02
6.679539350122936e-02
6.853928804412139e-02
7.031585487117330e-02
7.212532851274737e-02
7.396793506473785e-02
7.584389195941486e-02
7.775340774088410e-02
7.969668184544194e-02
8.167390438710111e-02
8.368525594855734e-02
8.573090737786254e-02
8.781101959106355e-02
8.992574338106010e-02
9.207521923292868e-02
9.425957714595186e-02
9.647893646258528e-02
9.873340570458639e-02
1.010230824165211e-01
1.033480530168553e-01
1.057083926568292e-01
1.081041650873036e-01
1.105354225337562e-01
1.130022055795972e-01
1.155045430579618e-01
1.180424519521272e-01
1.206159373046916e-01
1.232249921356378e-01
1.258695973693975e-01
1.285497217710173e-01
1.312653218915154e-01
1.340163420225079e-01
1.368027141601709e-01
1.396243579785894e-01
1.424811808125362e-01
1.453730776497074e-01
1.482999311324308e-01
1.512616115688506e-01
1.542579769535774e-01
1.572888729977827e-01
1.603541331687029e-01
1.634535787385039e-01
1.665870188424489e-01
1.697542505462958e-01
1.729550589228407e-01
1.761892171375097e-01
1.794564865428947e-01
1.827566167821081e-01
1.860893459008309e-01
1.894544004679072e-01
1.928514957043357e-01
1.962803356204917e-01
1.997406131614069e-01
2.032320103599234e-01
2.067541984975265e-01
2.103068382726549e-01
2.138895799762761e-01
2.175020636745057e-01
2.211439193980435e-01
2.248147673381885e-01
2.285142180491914e-01
2.322418726566911e-01
2.359973230719823e-01
2.397801522118480e-01
2.435899342236906e-01
2.474262347156881e-01
2.512886109916974e-01
2.551766122906222e-01
2.590897800299626e-01
2.630276480532543e-01
2.669897428811101e-01
2.709755839655678e-01
2.749846839474511e-01
2.790165489164482e-01
2.830706786736099e-01
2.871465669959721e-01
2.912437019030065e-01
2.953615659246028e-01
2.994996363702897e-01
3.036573855994011e-01
3.078342812918982e-01
3.120297867195590e-01
3.162433610172515e-01
3.204744594540089e-01
3.247225337036295e-01
3.289870321145292e-01
3.332673999785770e-01
3.375630797986512e-01
3.418735115546591e-01
3.461981329677649e-01
3.505363797625845e-01
3.548876859271026e-01
3.592514839700824e-01
3.636272051757402e-01
3.680142798554652e-01
3.724121375963753e-01
3.768202075065016e-01
3.812379184564080e-01
3.856646993170572e-01
3.900999791937412e-01
3.945431876559083e-01
3.989937549627199e-01
4.034511122841838e-01
4.079146919177200e-01
4.123839275000177e-01
4.168582542140603e-01
4.213371089911934e-01
4.258199307081305e-01
4.303061603787906e-01
4.347952413408774e-01
4.392866194371147e-01
4.437797431910641e-01
4.482740639774567e-01
4.527690361869837e-01
4.572641173854940e-01
4.617587684675605e-01
4.662524538043810e-01
4.707446413859911e-01
4.752348029577724e-01
4.797224141512476e-01
4.842069546091639e-01
4.886879081048702e-01
4.931647626560045e-01
4.976370106325123e-01
5.021041488590262e-01
5.065656787116417e-01
5.110211062091320e-01
5.154699420986513e-01
5.199117019359795e-01
5.243459061603718e-01
5.287720801640783e-01
5.331897543566040e-01
5.375984642237895e-01
5.419977503817912e-01
5.463871586260496e-01
5.507662399753338e-01
5.551345507109613e-01
5.594916524112876e-01
5.638371119815706e-01
5.681705016793133e-01
5.724913991351962e-01
5.767993873697085e-01
5.810940548055925e-01
5.853749952762179e-01
5.896418080300047e-01
5.938940977310129e-01
5.981314744558223e-01
6.023535536868249e-01
6.065599563020524e-01
6.107503085616648e-01
6.149242420912259e-01
6.190813938618888e-01
6.232214061676198e-01
6.273439265995855e-01
6.314486080178272e-01
6.355351085203511e-01
6.396030914097538e-01
6.436522251575114e-01
6.476821833660514e-01
6.516926447287317e-01
6.556832929878429e-01
6.596538168907581e-01
6.636039101443411e-01
6.675332713677339e-01
6.714416040436327e-01
6.753286164681669e-01
6.791940216994888e-01
6.830375375051825e-01
6.868588863085948e-01
6.906577951341938e-01
6.944339955520525e-01
6.981872236215569e-01
7.019172198344322e-01
7.056237290571807e-01
7.093065004730199e-01
7.129652875234082e-01
7.165998478492436e-01
7.202099432318139e-01
7.237953395335792e-01
7.273558066388617e-01
7.308911183945153e-01
7.344010525506444e-01
7.378853907014409e-01
7.413439182262006e-01
7.447764242305828e-01
7.481827014881697e-01
7.515625463823832e-01
7.549157588488092e-01
7.582421423179828e-01
7.615415036586775e-01
7.648136531217471e-01
7.680584042845605e-01
7.712755739960669e-01
7.744649823225317e-01
7.776264524939743e-01
7.807598108513414e-01
7.838648867944434e-01
7.869415127306829e-01
7.899895240245983e-01
7.930087589482454e-01
7.959990586324369e-01
7.989602670188597e-01
8.018922308130828e-01
8.047947994384728e-01
8.076678249910275e-01
8.105111621951384e-01
8.133246683602912e-01
8.161082033387090e-01
8.188616294839467e-01
8.215848116104362e-01
8.242776169539876e-01
8.269399151332458e-01
8.295715781121011e-01
8.321724801630525e-01
8.347424978315199e-01
8.372815099011014e-01
8.397893973597687e-01
8.422660433669948e-01
8.447113332218069e-01
8.471251543317531e-01
8.495073961827778e-01
8.518579503099908e-01
8.541767102693222e-01
8.564635716100499e-01
8.587184318481884e-01
8.609411904407235e-01
8.631317487606820e-01
8.652900100730216e-01
8.674158795113248e-01
8.695092640552838e-01
8.715700725089609e-01
8.735982154798081e-01
8.755936053584307e-01
8.775561562990776e-01
8.794857842008447e-01
8.813824066895720e-01
8.832459431004205e-01
8.850763144611090e-01
8.868734434757991e-01
8.886372545096068e-01
8.903676735737273e-01
8.920646283111546e-01
8.937280479829818e-01
8.953578634552617e-01
8.969540071864159e-01
8.985164132151732e-01
9.000450171490221e-01
9.015397561531626e-01
9.030005689399402e-01
9.044273957587476e-01
9.058201783863791e-01
9.071788601178217e-01
9.085033857574702e-01
9.097937016107497e-01
9.110497554761331e-01
9.122714966375393e-01
9.134588758570982e-01
9.146118453682702e-01
9.157303588693065e-01
9.168143715170386e-01
9.178638399209836e-01
9.188787221377558e-01
9.198589776657693e-01
9.208045674402251e-01
9.217154538283685e-01
9.225916006250074e-01
9.234329730482826e-01
9.242395377356786e-01
9.250112627402668e-01
9.257481175271727e-01
9.264500729702562e-01
9.271171013489999e-01
9.277491763455958e-01
9.283462730422223e-01
9.289083679185068e-01
9.294354388491657e-01
9.299274651018141e-01
9.303844273349438e-01
9.308063075960581e-01
9.311930893199638e-01
9.315447573272110e-01
9.318612978226800e-01
9.321426983943087e-01
9.323889480119579e-01
9.326000370264111e-01
9.327759571685057e-01
9.329167015483929e-01
9.330222646549250e-01
9.330926423551662e-01
9.331278318940286e-01
9.331278318940286e-01
9.330926423551662e-01
9.330222646549250e-01
9.329167015483929e-01
9.327759571685057e-01
9.326000370264111e-01
9.323889480119579e-01
9.321426983943087e-01
9.318612978226800e-01
9.315447573272110e-01
9.311930893199638e-01
9.308063075960582e-01
9.303844273349438e-01
9.299274651018141e-01
9.294354388491657e-01
9.289083679185068e-01
9.283462730422223e-01
9.277491763455959e-01
9.271171013490002e-01
9.264500729702563e-01
9.257481175271729e-01
9.250112627402671e-01
9.242395377356789e-01
9.234329730482830e-01
9.225916006250078e-01
9.217154538283689e-01
9.208045674402255e-01
9.198589776657697e-01
9.188787221377562e-01
9.178638399209841e-01
9.168143715170390e-01
9.157303588693069e-01
9.146118453682706e-01
9.134588758570985e-01
9.122714966375396e-01
9.110497554761334e-01
9.097937016107500e-01
9.085033857574705e-01
9.071788601178219e-01
9.058201783863793e-01
9.044273957587479e-01
9.030005689399404e-01
9.015397561531628e-01
9.000450171490223e-01
8.985164132151734e-01
8.969540071864163e-01
8.953578634552620e-01
8.937280479829821e-01
8.920646283111550e-01
8.903676735737276e-01
8.886372545096073e-01
8.868734434757995e-01
8.850763144611095e-01
8.832459431004209e-01
8.813824066895725e-01
8.794857842008450e-01
8.775561562990779e-01
8.755936053584310e-01
8.735982154798084e-01
8.715700725089612e-01
8.695092640552841e-01
8.674158795113250e-01
8.652900100730219e-01
8.631317487606822e-01
8.609411904407237e-01
8.587184318481886e-01
8.564635716100502e-01
8.541767102693224e-01
8.518579503099910e-01
8.495073961827780e-01
8.471251543317533e-01
8.447113332218071e-01
8.422660433669951e-01
8.397893973597689e-01
8.372815099011016e-01
8.347424978315201e-01
8.321724801630527e-01
8.295715781121014e-01
8.269399151332461e-01
8.242776169539877e-01
8.215848116104363e-01
8.188616294839468e-01
8.161082033387091e-01
8.133246683602913e-01
8.105111621951385e-01
8.076678249910276e-01
8.047947994384729e-01
8.018922308130829e-01
7.989602670188598e-01
7.959990586324369e-01
7.930087589482454e-01
7.899895240245983e-01
7.869415127306829e-01
7.838648867944434e-01
7.807598108513414e-01
7.776264524939743e-01
7.744649823225317e-01
7.712755739960669e-01
7.680584042845605e-01
7.648136531217470e-01
7.615415036586773e-01
7.582421423179827e-01
7.549157588488091e-01
7.515625463823831e-01
7.481827014881696e-01
7.447764242305827e-01
7.413439182262005e-01
7.378853907014408e-01
7.344010525506443e-01
7.308911183945151e-01
7.273558066388616e-01
7.237953395335791e-01
7.202099432318138e-01
7.165998478492435e-01
7.129652875234080e-01
7.093065004730198e-01
7.056237290571807e-01
7.019172198344322e-01
6.981872236215569e-01
6.944339955520525e-01
6.906577951341939e-01
6.868588863085949e-01
6.830375375051826e-01
6.791940216994889e-01
6.753286164681670e-01
6.714416040436328e-01
6.675332713677340e-01
6.636039101443412e-01
6.596538168907581e-01
6.556832929878429e-01
6.516926447287316e-01
6.476821833660513e-01
6.436522251575114e-01
6.396030914097539e-01
6.355351085203512e-01
6.314486080178273e-01
6.273439265995855e-01
6.232214061676198e-01
6.190813938618888e-01
6.149242420912259e-01
6.107503085616649e-01
6.065599563020525e-01
6.023535536868250e-01
5.981314744558224e-01
5.938940977310129e-01
5.896418080300047e-01
5.853749952762179e-01
5.810940548055925e-01
5.767993873697085e-01
5.724913991351962e-01
5.681705016793132e-01
5.638371119815705e-01
5.594916524112876e-01
5.551345507109612e-01
5.507662399753337e-01
5.463871586260495e-01
5.419977503817912e-01
5.375984642237894e-01
5.331897543566039e-01
5.287720801640782e-01
5.243459061603717e-01
5.199117019359794e-01
5.154699420986512e-01
5.110211062091320e-01
5.065656787116417e-01
5.021041488590262e-01
4.976370106325123e-01
4.931647626560045e-01
4.886879081048702e-01
4.842069546091639e-01
4.797224141512476e-01
4.752348029577724e-01
4.707446413859911e-01
4.662524538043810e-01
4.617587684675604e-01
4.572641173854939e-01
4.527690361869837e-01
4.482740639774567e-01
4.437797431910641e-01
4.392866194371147e-01
4.347952413408773e-01
4.303061603787905e-01
4.258199307081305e-01
4.213371089911934e-01
4.168582542140603e-01
4.123839275000177e-01
4.079146919177199e-01
4.034511122841838e-01
3.989937549627198e-01
3.945431876559083e-01
3.900999791937412e-01
3.856646993170571e-01
3.812379184564080e-01
3.768202075065015e-01
3.724121375963753e-01
3.680142798554651e-01
3.636272051757402e-01
3.592514839700824e-01
3.548876859271025e-01
3.505363797625844e-01
3.461981329677649e-01
3.418735115546591e-01
3.375630797986512e-01
3.332673999785770e-01
3.289870321145292e-01
3.247225337036295e-01
3.204744594540089e-01
3.162433610172515e-01
3.120297867195590e-01
3.078342812918982e-01
3.036573855994011e-01
2.994996363702898e-01
2.953615659246028e-01
2.912437019030065e-01
2.871465669959721e-01
2.830706786736099e-01
2.790165489164483e-01
2.749846839474512e-01
2.709755839655678e-01
2.669897428811101e-01
2.630276480532543e-01
2.590897800299626e-01
2.551766122906222e-01
2.512886109916974e-01
2.474262347156881e-01
2.435899342236905e-01
2.397801522118480e-01
2.359973230719823e-01
2.322418726566911e-01
2.285142180491914e-01
2.248147673381886e-01
2.211439193980435e-01
2.175020636745057e-01
2.138895799762761e-01
2.103068382726550e-01
2.067541984975265e-01
2.032320103599235e-01
1.997406131614070e-01
1.962803356204917e-01
1.928514957043358e-01
1.894544004679073e-01
1.860893459008309e-01
1.827566167821082e-01
1.794564865428947e-01
1.761892171375098e-01
1.729550589228407e-01
1.697542505462959e-01
1.665870188424489e-01
1.634535787385039e-01
1.603541331687030e-01
1.572888729977828e-01
1.542579769535774e-01
1.512616115688507e-01
1.482999311324309e-01
1.453730776497074e-01
1.424811808125363e-01
1.396243579785895e-01
1.368027141601709e-01
1.340163420225079e-01
1.312653218915154e-01
1.285497217710174e-01
1.258695973693976e-01
1.232249921356378e-01
1.206159373046916e-01
1.180424519521272e-01
1.155045430579618e-01
1.130022055795973e-01
1.105354225337562e-01
1.081041650873036e-01
1.057083926568292e-01
1.033480530168552e-01
1.010230824165211e-01
9.873340570458636e-02
9.647893646258525e-02
9.425957714595183e-02
9.207521923292863e-02
8.992574338106006e-02
8.781101959106351e-02
8.573090737786250e-02
8.368525594855730e-02
8.167390438710107e-02
7.969668184544190e-02
7.775340774088406e-02
7.584389195941481e-02
7.396793506473780e-02
7.212532851274732e-02
7.031585487117324e-02
6.853928804412134e-02
6.679539350122930e-02
6.508392851115552e-02
6.340464237911346e-02
6.175727668816250e-02
6.014156554396343e-02
5.855723582270470e-02
5.700400742190469e-02
5.548159351379386e-02
5.398970080098082e-02
5.252802977410579e-02
5.109627497118614e-02
4.969412523835933e-02
4.832126399173026e-02
4.697736948003180e-02
4.566211504781002e-02
4.437516939884806e-02
4.311619685954615e-02
4.188485764197895e-02
4.068080810635517e-02
3.950370102260922e-02
3.835318583085938e-02
3.722890890047213e-02
3.613051378747788e-02
3.505764149008912e-02
3.400993070207843e-02
3.298701806378008e-02
3.198853841048566e-02
3.101412501801166e-02
3.006340984522354e-02
2.913602377330905e-02
2.823159684160070e-02
2.734975847975563e-02
2.649013773610901e-02
2.565236350202551e-02
2.483606473208157e-02
2.404087065991998e-02
2.326641100962686e-02
2.251231620248959e-02
2.177821755900339e-02
2.106374749600294e-02
2.036853971880415e-02
1.969222940825032e-02
1.903445340256575e-02
1.839485037392847e-02
1.777306099968314e-02
1.716872812812332e-02
1.658149693878149e-02
1.601101509717366e-02
1.545693290395391e-02
1.491890343844275e-02
1.439658269650145e-02
1.388962972273256e-02
1.339770673699509e-02
1.292047925523045e-02
1.245761620460311e-02
1.200879003296740e-02
1.157367681267915e-02
1.115195633877802e-02
1.074331222157337e-02
1.034743197367305e-02
9.964007091501113e-03
9.592733131356491e-03
9.233309780071008e-03
8.885440920330482e-03
8.548834690728408e-03
8.223203540626970e-03
7.908264279904976e-03
7.603738123677238e-03
7.309350732074274e-03
7.024832245175493e-03
6.749917313192954e-03
6.484345122006508e-03
6.227859414154540e-03
5.980208505387727e-03
5.741145296896109e-03
5.510427283322439e-03
5.287816556677173e-03
5.073079806272578e-03
4.865988314795359e-03
4.666317950638825e-03
4.473849156617014e-03
4.288366935184372e-03
4.109660830285494e-03
3.937524905960154e-03
3.771757721829295e-03
3.612162305587955e-03
3.458546122631120e-03
3.310721042938355e-03
3.168503305342712e-03
3.031713479308887e-03
2.900176424344833e-03
2.773721247170193e-03
2.652181256763800e-03
2.535393917411277e-03
2.423200799872407e-03
2.315447530786372e-03
2.211983740431338e-03
2.112663008953020e-03
2.017342811174982e-03
1.925884460101372e-03
1.838153049220642e-03
1.754017393716577e-03
1.673349970690624e-03
1.596026858497090e-03
1.521927675290279e-03
1.450935516880089e-03
1.382936893989963e-03
1.317821669008398e-03
1.255482992322515e-03
1.195817238319397e-03
1.138723941138117e-03
1.084105730252563e-03
1.031868265962283e-03
9.819201748657515e-04
9.341729853875411e-04
8.885410634280497e-04
8.449415482015244e-04
8.032942883252778e-04
7.635217782201260e-04
7.255490948792477e-04
6.893038350598454e-04
6.547160529491990e-04
6.217181983539482e-04
5.902450554587132e-04
5.602336821974774e-04
5.316233502785128e-04
5.043554859010311e-04
4.783736111991841e-04
4.536232864465488e-04
4.300520530517723e-04
4.076093773736660e-04
3.862465953817036e-04
3.659168581855990e-04
3.465750784554279e-04
3.281778777516050e-04
3.106835347819423e-04
2.940519346009875e-04
2.782445187648901e-04
2.632242364531481e-04
2.489554965667685e-04
2.354041208106180e-04
2.225372977660535e-04
2.103235379583031e-04
1.987326299215150e-04
1.877355972629103e-04
1.773046567260574e-04
1.674131772519355e-04
1.580356400351736e-04
1.491475995716295e-04
1.407256456923252e-04
1.327473665776594e-04
1.251913127447973e-04
1.180369620001683e-04
1.112646853481008e-04
1.048557138457769e-04
9.879210639390367e-05
9.305671845176691e-05
8.763317166465940e-05
8.250582439105357e-05
7.765974311632111e-05
7.308067473928324e-05
6.875501971740832e-05
6.466980605605137e-05
6.081266412675688e-05
5.717180229931551e-05
5.373598337197891e-05
5.049450178399065e-05
4.743716159438589e-05
4.455425521084401e-05
4.183654285224736e-05
3.927523272850280e-05
3.686196192111929e-05
3.458877794800364e-05
3.244812099593515e-05
3.043280680420753e-05
2.853601018298101e-05
2.675124914996835e-05
2.507236966918291e-05
2.349353097560504e-05
2.200919146977233e-05
2.061409516646862e-05
1.930325868187567e-05
1.807195874375744e-05
1.691572020947001e-05
1.583030457682803e-05
1.481169897311175e-05
1.385610560776353e-05
1.295993167460133e-05
1.211977968966489e-05
1.133243825111027e-05
1.059487320787594e-05
9.904219224161550e-06
9.257771727084022e-06
8.652979225207805e-06
8.087435985983084e-06
7.558875060468969e-06
7.065161644066258e-06
6.604286762336373e-06
6.174361271338531e-06
5.773610162275917e-06
5.400367160602805e-06
5.053069610108054e-06
4.730253632855554e-06
4.430549556228758e-06
4.152677598694083e-06
3.895443806266271e-06
3.657736232027668e-06
3.438521351422419e-06
3.236840706415631e-06
3.051807771976488e-06
2.882605038712892e-06
2.728481305853314e-06
2.588749179139171e-06
2.462782768557962e-06
2.350015581213704e-06
2.249938604996715e-06
2.162098579079617e-06
2.086096447630453e-06
2.021585993497153e-06
1.968272648980199e-06
1.925912481172290e-06
1.894311349705170e-06
1.873324235104647e-06
1.862854736315140e-06
