6.621667183104645e-06
6.656837112007003e-06
6.721206737714607e-06
6.815001236144355e-06
6.938548424992680e-06
7.092279585170322e-06
7.276730539898028e-06
7.492542992869663e-06
7.740466127221386e-06
8.021358467376539e-06
8.336190006165332e-06
8.686044599946154e-06
9.072122634781078e-06
9.495743967041557e-06
9.958351142141290e-06
1.046151289541121e-05
1.100692793944657e-05
1.159642904256752e-05
1.223198740334234e-05
1.291571732642595e-05
1.364988120526564e-05
1.443689481752008e-05
1.527933293932685e-05
1.617993528483707e-05
1.714161277771341e-05
1.816745416155840e-05
1.926073295650429e-05
2.042491476945222e-05
2.166366496569756e-05
2.298085670991832e-05
2.438057938473562e-05
2.586714739527685e-05
2.744510936838468e-05
2.911925775531650e-05
3.089463884696923e-05
3.277656321084299e-05
3.477061655912365e-05
3.688267105741672e-05
3.911889708380492e-05
4.148577544802633e-05
4.399011008067962e-05
4.663904120245694e-05
4.944005898348167e-05
5.240101770288846e-05
5.553015041882423e-05
5.883608415907138e-05
6.232785564249723e-05
6.601492754151631e-05
6.990720529571227e-05
7.401505448670549e-05
7.834931878426756e-05
8.292133847357552e-05
8.774296957336609e-05
9.282660355459054e-05
9.818518766898676e-05
1.038322458967720e-04
1.097819005224191e-04
1.160488943472110e-04
1.226486135469659e-04
1.295971111830003e-04
1.369111313740308e-04
1.446081341363258e-04
1.527063208989908e-04
1.612246607008103e-04
1.701829170745750e-04
1.796016756242953e-04
1.895023723001332e-04
1.999073223752873e-04
2.108397501284226e-04
2.223238192345651e-04
2.343846638666624e-04
2.470484205092622e-04
2.603422604849682e-04
2.742944231935004e-04
2.889342500623182e-04
3.042922192068538e-04
3.203999807974522e-04
3.372903931291260e-04
3.549975593891990e-04
3.735568651168462e-04
3.930050163474232e-04
4.133800784333299e-04
4.347215155319629e-04
4.570702307500794e-04
4.804686069326325e-04
5.049605480828236e-04
5.305915213987820e-04
5.574085999108951e-04
5.854605057023982e-04
6.147976536943793e-04
6.454721959748708e-04
6.775380666501787e-04
7.110510271950496e-04
7.460687122766948e-04
7.826506760260833e-04
8.208584387282732e-04
8.607555339018951e-04
9.024075557362082e-04
9.458822068524476e-04
9.912493463544488e-04
1.038581038131795e-03
1.087951599376968e-03
1.139437649276209e-03
1.193118157832027e-03
1.249074494773476e-03
1.307390478508549e-03
1.368152425071227e-03
1.431449197013938e-03
1.497372252194363e-03
1.566015692403766e-03
1.637476311782255e-03
1.711853644964576e-03
1.789250014898371e-03
1.869770580275034e-03
1.953523382511667e-03
2.040619392220932e-03
2.131172555103965e-03
2.225299837199943e-03
2.323121269424305e-03
2.424759991326137e-03
2.530342293993764e-03
2.639997662036168e-03
2.753858814566512e-03
2.872061745112750e-03
2.994745760379068e-03
3.122053517780765e-03
3.254131061674071e-03
3.391127858201413e-03
3.533196828671723e-03
3.680494381394512e-03
3.833180441885736e-03
3.991418481362796e-03
4.155375543445478e-03
4.325222268979182e-03
4.501132918896471e-03
4.683285395032713e-03
4.871861258811502e-03
5.067045747715531e-03
5.269027789458739e-03
5.478000013775764e-03
5.694158761745184e-03
5.917704092563478e-03
6.148839787687325e-03
6.387773352262628e-03
6.634716013759605e-03
6.889882717734322e-03
7.153492120638289e-03
7.425766579599098e-03
7.706932139096573e-03
7.997218514460603e-03
8.296859072118605e-03
8.606090806522559e-03
8.925154313687674e-03
9.254293761276974e-03
9.593756855168622e-03
9.943794802445272e-03
1.030466227074754e-02
1.067661734393659e-02
1.105992147401377e-02
1.145483942924861e-02
1.186163923846959e-02
1.228059213147588e-02
1.271197247553153e-02
1.315605770790769e-02
1.361312826444216e-02
1.408346750408972e-02
1.456736162944077e-02
1.506509960319021e-02
1.557697306054290e-02
1.610327621754664e-02
1.664430577534813e-02
1.720036082037232e-02
1.777174272043033e-02
1.835875501676621e-02
1.896170331205769e-02
1.958089515439147e-02
2.021663991723852e-02
2.086924867546064e-02
2.153903407738417e-02
2.222631021298307e-02
2.293139247821818e-02
2.365459743558556e-02
2.439624267093213e-02
2.515664664660242e-02
2.593612855098571e-02
2.673500814453871e-02
2.755360560236410e-02
2.839224135343108e-02
2.925123591652959e-02
3.013090973305527e-02
3.103158299672765e-02
3.195357548034961e-02
3.289720635972142e-02
3.386279403482786e-02
3.485065594842215e-02
3.586110840213553e-02
3.689446637024632e-02
3.795104331124719e-02
3.903115097735384e-02
4.013509922210338e-02
4.126319580619480e-02
4.241574620172831e-02
4.359305339500461e-02
4.479541768804906e-02
4.602313649902941e-02
4.727650416173969e-02
4.855581172432581e-02
4.986134674743213e-02
5.119339310195095e-02
5.255223076655965e-02
5.393813562523297e-02
5.535137926492008e-02
5.679222877357817e-02
5.826094653875621e-02
5.975779004692384e-02
6.128301168374228e-02
6.283685853547435e-02
6.441957219173211e-02
6.603138854976094e-02
6.767253762045911e-02
6.934324333633166e-02
7.104372336157747e-02
7.277418890450754e-02
7.453484453249126e-02
7.632588798962729e-02
7.814751001733268e-02
7.999989417804372e-02
8.188321668221855e-02
8.379764621883028e-02
8.574334378953583e-02
8.772046254670364e-02
8.972914763547976e-02
9.176953604006816e-02
9.384175643439790e-02
9.594592903734545e-02
9.808216547267619e-02
1.002505686338648e-01
1.024512325539489e-01
1.046842422805665e-01
1.069496737563212e-01
1.092475937046134e-01
1.115780595210734e-01
1.139411191707199e-01
1.163368110909690e-01
1.187651641006057e-01
1.212261973148280e-01
1.237199200664646e-01
1.262463318334607e-01
1.288054221727210e-01
1.313971706603887e-01
1.340215468386359e-01
1.366785101690291e-01
1.393680099925309e-01
1.420899854961860e-01
1.448443656865368e-01
1.476310693698026e-01
1.504500051388506e-01
1.533010713669778e-01
1.561841562085166e-01
1.590991376062666e-01
1.620458833057490e-01
1.650242508762720e-01
1.680340877387870e-01
1.710752312005072e-01
1.741475084962535e-01
1.772507368364847e-01
1.803847234619594e-01
1.835492657049730e-01
1.867441510571012e-01
1.899691572433779e-01
1.932240523028267e-01
1.965085946752566e-01
1.998225332942274e-01
2.031656076860835e-01
2.065375480749462e-01
2.099380754935505e-01
2.133669018998035e-01
2.168237302989382e-01
2.203082548711279e-01
2.238201611044232e-01
2.273591259328644e-01
2.309248178796232e-01
2.345168972050136e-01
2.381350160592171e-01
2.417788186395541e-01
2.454479413521346e-01
2.491420129777153e-01
2.528606548415865e-01
2.566034809873090e-01
2.603700983541178e-01
2.641601069578070e-01
2.679731000749070e-01
2.718086644299629e-01
2.756663803857218e-01
2.795458221360336e-01
2.834465579012691e-01
2.873681501260583e-01
2.913101556791504e-01
2.952721260551965e-01
2.992536075782560e-01
3.032541416068266e-01
3.072732647401999e-01
3.113105090259428e-01
3.153654021683084e-01
3.194374677373780e-01
3.235262253787398e-01
3.276311910235096e-01
3.317518770985031e-01
3.358877927363675e-01
3.400384439854867e-01
3.442033340194739e-01
3.483819633460695e-01
3.525738300152652e-01
3.567784298264787e-01
3.609952565346042e-01
3.652238020547734e-01
3.694635566656571e-01
3.737140092111503e-01
3.779746473002807e-01
3.822449575051907e-01
3.865244255570403e-01
3.908125365396928e-01
3.951087750810396e-01
3.994126255418314e-01
4.037235722018889e-01
4.080410994435654e-01
4.123646919323450e-01
4.166938347944625e-01
4.210280137914351e-01
4.253667154914055e-01
4.297094274371970e-01
4.340556383109903e-01
4.384048380955341e-01
4.427565182318099e-01
4.471101717730755e-01
4.514652935352171e-01
4.558213802433458e-01
4.601779306745823e-01
4.645344457969725e-01
4.688904289044904e-01
4.732453857480851e-01
4.775988246627342e-01
4.819502566904734e-01
4.862991956993775e-01
4.906451584984689e-01
4.949876649485417e-01
4.993262380688888e-01
5.036604041399261e-01
5.079896928017157e-01
5.123136371483902e-01
5.166317738184861e-01
5.209436430812031e-01
5.252487889186036e-01
5.295467591037770e-01
5.338371052749935e-01
5.381193830058790e-01
5.423931518716447e-01
5.466579755114094e-01
5.509134216866568e-01
5.551590623358731e-01
5.593944736254124e-01
5.636192359966419e-01
5.678329342094239e-01
5.720351573819882e-01
5.762254990272593e-01
5.804035570856986e-01
5.845689339547291e-01
5.887212365148088e-01
5.928600761522224e-01
5.969850687786652e-01
6.010958348476914e-01
6.051919993681003e-01
6.092731919143417e-01
6.133390466340143e-01
6.173892022525381e-01
6.214233020750822e-01
6.254409939858282e-01
6.294419304446515e-01
6.334257684813033e-01
6.373921696871772e-01
6.413408002047437e-01
6.452713307147361e-01
6.491834364211733e-01
6.530767970343017e-01
6.569510967515418e-01
6.608060242365230e-01
6.646412725962878e-01
6.684565393567533e-01
6.722515264365069e-01
6.760259401190215e-01
6.797794910233703e-01
6.835118940735208e-01
6.872228684662883e-01
6.909121376380267e-01
6.945794292301337e-01
6.982244750534463e-01
7.018470110516020e-01
7.054467772634389e-01
7.090235177845067e-01
7.125769807277595e-01
7.161069181835004e-01
7.196130861786436e-01
7.230952446353630e-01
7.265531573291906e-01
7.299865918466262e-01
7.333953195423231e-01
7.367791154959064e-01
7.401377584684832e-01
7.434710308589010e-01
7.467787186598083e-01
7.500606114135699e-01
7.533165021680883e-01
7.565461874325798e-01
7.597494671333529e-01
7.629261445696347e-01
7.660760263694875e-01
7.691989224458600e-01
7.722946459528119e-01
7.753630132419491e-01
7.784038438191071e-01
7.814169603013198e-01
7.844021883741024e-01
7.873593567490825e-01
7.902882971220097e-01
7.931888441311683e-01
7.960608353162256e-01
7.989041110775335e-01
8.017185146359116e-01
8.045038919929333e-01
8.072600918917304e-01
8.099869657783429e-01
8.126843677636221e-01
8.153521545857105e-01
8.179901855731091e-01
8.205983226083446e-01
8.231764300922519e-01
8.257243749088785e-01
8.282420263910227e-01
8.307292562864126e-01
8.331859387245331e-01
8.356119501841066e-01
8.380071694612334e-01
8.403714776381932e-01
8.427047580529127e-01
8.450068962691009e-01
8.472777800470505e-01
8.495172993151097e-01
8.517253461418204e-01
8.539018147087211e-01
8.560466012838150e-01
8.581596041956985e-01
8.602407238083447e-01
8.622898624965415e-01
8.643069246219761e-01
8.662918165099615e-01
8.682444464267995e-01
8.701647245577742e-01
8.720525629857642e-01
8.739078756704763e-01
8.757305784282811e-01
8.775205889126498e-01
8.792778265951834e-01
8.810022127472210e-01
8.826936704220241e-01
8.843521244375230e-01
8.859775013596175e-01
8.875697294860239e-01
8.891287388306544e-01
8.906544611085242e-01
8.921468297211714e-01
8.936057797425836e-01
8.950312479056169e-01
8.964231725889019e-01
8.977814938042218e-01
8.991061531843559e-01
9.003970939713763e-01
9.016542610053890e-01
9.028776007137075e-01
9.040670611004514e-01
9.052225917365575e-01
9.063441437501958e-01
9.074316698175795e-01
9.084851241541601e-01
9.095044625061970e-01
9.104896421426949e-01
9.114406218476974e-01
9.123573619129302e-01
9.132398241307821e-01
9.140879717876207e-01
9.149017696574293e-01
9.156811839957593e-01
9.164261825339923e-01
9.171367344739011e-01
9.178128104825035e-01
9.184543826872053e-01
9.190614246712200e-01
9.196339114692649e-01
9.201718195635217e-01
9.206751268798625e-01
9.211438127843290e-01
9.215778580798655e-01
9.219772450032961e-01
9.223419572225466e-01
9.226719798341021e-01
9.229672993606988e-01
9.232279037492478e-01
9.234537823689846e-01
9.236449260098436e-01
9.238013268810551e-01
9.239229786099605e-01
9.240098762410467e-01
9.240620162351957e-01
9.240793964691509e-01
9.240620162351957e-01
9.240098762410462e-01
9.239229786099601e-01
9.238013268810545e-01
9.236449260098432e-01
9.234537823689841e-01
9.232279037492475e-01
9.229672993606985e-01
9.226719798341021e-01
9.223419572225466e-01
9.219772450032960e-01
9.215778580798654e-01
9.211438127843290e-01
9.206751268798625e-01
9.201718195635219e-01
9.196339114692652e-01
9.190614246712205e-01
9.184543826872058e-01
9.178128104825040e-01
9.171367344739016e-01
9.164261825339929e-01
9.156811839957598e-01
9.149017696574296e-01
9.140879717876211e-01
9.132398241307825e-01
9.123573619129306e-01
9.114406218476980e-01
9.104896421426953e-01
9.095044625061974e-01
9.084851241541607e-01
9.074316698175803e-01
9.063441437501965e-01
9.052225917365581e-01
9.040670611004520e-01
9.028776007137080e-01
9.016542610053896e-01
9.003970939713769e-01
8.991061531843565e-01
8.977814938042225e-01
8.964231725889027e-01
8.950312479056177e-01
8.936057797425841e-01
8.921468297211720e-01
8.906544611085245e-01
8.891287388306546e-01
8.875697294860241e-01
8.859775013596177e-01
8.843521244375232e-01
8.826936704220244e-01
8.810022127472213e-01
8.792778265951838e-01
8.775205889126505e-01
8.757305784282816e-01
8.739078756704769e-01
8.720525629857647e-01
8.701647245577746e-01
8.682444464268001e-01
8.662918165099620e-01
8.643069246219766e-01
8.622898624965420e-01
8.602407238083452e-01
8.581596041956987e-01
8.560466012838152e-01
8.539018147087211e-01
8.517253461418205e-01
8.495172993151097e-01
8.472777800470505e-01
8.450068962691009e-01
8.427047580529127e-01
8.403714776381931e-01
8.380071694612334e-01
8.356119501841066e-01
8.331859387245329e-01
8.307292562864126e-01
8.282420263910226e-01
8.257243749088784e-01
8.231764300922518e-01
8.205983226083445e-01
8.179901855731090e-01
8.153521545857104e-01
8.126843677636217e-01
8.099869657783426e-01
8.072600918917303e-01
8.045038919929330e-01
8.017185146359114e-01
7.989041110775335e-01
7.960608353162257e-01
7.931888441311684e-01
7.902882971220098e-01
7.873593567490828e-01
7.844021883741025e-01
7.814169603013197e-01
7.784038438191070e-01
7.753630132419489e-01
7.722946459528119e-01
7.691989224458600e-01
7.660760263694872e-01
7.629261445696346e-01
7.597494671333529e-01
7.565461874325797e-01
7.533165021680882e-01
7.500606114135699e-01
7.467787186598082e-01
7.434710308589009e-01
7.401377584684831e-01
7.367791154959064e-01
7.333953195423231e-01
7.299865918466263e-01
7.265531573291907e-01
7.230952446353631e-01
7.196130861786436e-01
7.161069181835004e-01
7.125769807277594e-01
7.090235177845067e-01
7.054467772634390e-01
7.018470110516020e-01
6.982244750534462e-01
6.945794292301334e-01
6.909121376380265e-01
6.872228684662880e-01
6.835118940735204e-01
6.797794910233700e-01
6.760259401190213e-01
6.722515264365065e-01
6.684565393567529e-01
6.646412725962875e-01
6.608060242365226e-01
6.569510967515416e-01
6.530767970343014e-01
6.491834364211729e-01
6.452713307147359e-01
6.413408002047434e-01
6.373921696871768e-01
6.334257684813029e-01
6.294419304446511e-01
6.254409939858279e-01
6.214233020750818e-01
6.173892022525376e-01
6.133390466340140e-01
6.092731919143414e-01
6.051919993680999e-01
6.010958348476909e-01
5.969850687786649e-01
5.928600761522220e-01
5.887212365148085e-01
5.845689339547289e-01
5.804035570856981e-01
5.762254990272587e-01
5.720351573819880e-01
5.678329342094237e-01
5.636192359966418e-01
5.593944736254122e-01
5.551590623358730e-01
5.509134216866567e-01
5.466579755114093e-01
5.423931518716446e-01
5.381193830058789e-01
5.338371052749934e-01
5.295467591037769e-01
5.252487889186035e-01
5.209436430812030e-01
5.166317738184860e-01
5.123136371483901e-01
5.079896928017156e-01
5.036604041399260e-01
4.993262380688888e-01
4.949876649485419e-01
4.906451584984690e-01
4.862991956993777e-01
4.819502566904736e-01
4.775988246627343e-01
4.732453857480853e-01
4.688904289044906e-01
4.645344457969726e-01
4.601779306745825e-01
4.558213802433461e-01
4.514652935352173e-01
4.471101717730758e-01
4.427565182318102e-01
4.384048380955343e-01
4.340556383109905e-01
4.297094274371972e-01
4.253667154914057e-01
4.210280137914355e-01
4.166938347944628e-01
4.123646919323454e-01
4.080410994435657e-01
4.037235722018893e-01
3.994126255418318e-01
3.951087750810399e-01
3.908125365396931e-01
3.865244255570405e-01
3.822449575051909e-01
3.779746473002810e-01
3.737140092111503e-01
3.694635566656572e-01
3.652238020547734e-01
3.609952565346041e-01
3.567784298264784e-01
3.525738300152651e-01
3.483819633460695e-01
3.442033340194740e-01
3.400384439854869e-01
3.358877927363676e-01
3.317518770985031e-01
3.276311910235096e-01
3.235262253787398e-01
3.194374677373781e-01
3.153654021683084e-01
3.113105090259427e-01
3.072732647401999e-01
3.032541416068266e-01
2.992536075782560e-01
2.952721260551965e-01
2.913101556791503e-01
2.873681501260583e-01
2.834465579012692e-01
2.795458221360337e-01
2.756663803857219e-01
2.718086644299630e-01
2.679731000749070e-01
2.641601069578071e-01
2.603700983541179e-01
2.566034809873091e-01
2.528606548415865e-01
2.491420129777153e-01
2.454479413521346e-01
2.417788186395541e-01
2.381350160592171e-01
2.345168972050136e-01
2.309248178796232e-01
2.273591259328644e-01
2.238201611044232e-01
2.203082548711280e-01
2.168237302989382e-01
2.133669018998035e-01
2.099380754935505e-01
2.065375480749462e-01
2.031656076860835e-01
1.998225332942274e-01
1.965085946752566e-01
1.932240523028267e-01
1.899691572433779e-01
1.867441510571012e-01
1.835492657049731e-01
1.803847234619595e-01
1.772507368364847e-01
1.741475084962535e-01
1.710752312005072e-01
1.680340877387870e-01
1.650242508762720e-01
1.620458833057490e-01
1.590991376062667e-01
1.561841562085167e-01
1.533010713669778e-01
1.504500051388506e-01
1.476310693698027e-01
1.448443656865369e-01
1.420899854961861e-01
1.393680099925309e-01
1.366785101690292e-01
1.340215468386360e-01
1.313971706603888e-01
1.288054221727211e-01
1.262463318334608e-01
1.237199200664647e-01
1.212261973148281e-01
1.187651641006058e-01
1.163368110909691e-01
1.139411191707201e-01
1.115780595210736e-01
1.092475937046136e-01
1.069496737563213e-01
1.046842422805667e-01
1.024512325539490e-01
1.002505686338650e-01
9.808216547267641e-02
9.594592903734568e-02
9.384175643439814e-02
9.176953604006842e-02
8.972914763548005e-02
8.772046254670396e-02
8.574334378953617e-02
8.379764621883068e-02
8.188321668221901e-02
7.999989417804423e-02
7.814751001733326e-02
7.632588798962794e-02
7.453484453249203e-02
7.277418890450839e-02
7.104372336157844e-02
6.934324333633274e-02
6.767253762046033e-02
6.603138854976233e-02
6.441957219173367e-02
6.283685853547612e-02
6.128301168374427e-02
5.975779004692607e-02
5.826094653875872e-02
5.679222877358100e-02
5.535137926492326e-02
5.393813562523653e-02
5.255223076656365e-02
5.119339310195545e-02
4.986134674743717e-02
4.855581172433145e-02
4.727650416174602e-02
4.602313649903650e-02
4.479541768805698e-02
4.359305339501347e-02
4.241574620173822e-02
4.126319580620588e-02
4.013509922211576e-02
3.903115097736767e-02
3.795104331126264e-02
3.689446637026358e-02
3.586110840215479e-02
3.485065594844366e-02
3.386279403485187e-02
3.289720635974819e-02
3.195357548037946e-02
3.103158299676095e-02
3.013090973309240e-02
2.925123591657097e-02
2.839224135347717e-02
2.755360560241545e-02
2.673500814459590e-02
2.593612855104937e-02
2.515664664667328e-02
2.439624267101100e-02
2.365459743567330e-02
2.293139247831577e-02
2.222631021309159e-02
2.153903407750481e-02
2.086924867559473e-02
2.021663991738753e-02
1.958089515455700e-02
1.896170331224155e-02
1.835875501697037e-02
1.777174272065699e-02
1.720036082062390e-02
1.664430577562730e-02
1.610327621785634e-02
1.557697306088640e-02
1.506509960357111e-02
1.456736162986304e-02
1.408346750455775e-02
1.361312826496077e-02
1.315605770848222e-02
1.271197247616788e-02
1.228059213218052e-02
1.186163923924967e-02
1.145483943011200e-02
1.105992147496915e-02
1.067661734499352e-02
1.030466227191653e-02
9.943794803737903e-03
9.593756856597640e-03
9.254293762856402e-03
8.925154315432933e-03
8.606090808450609e-03
8.296859074248090e-03
7.997218516812024e-03
7.706932141692457e-03
7.425766582464188e-03
7.153492123799765e-03
6.889882721222029e-03
6.634716017606309e-03
6.387773356504292e-03
6.148839792363411e-03
5.917704097717275e-03
5.694158767424169e-03
5.478000020031998e-03
5.269027796349289e-03
5.067045755302941e-03
4.871861267164297e-03
4.683285404225960e-03
4.501132929012376e-03
4.325222280107753e-03
4.155375555685235e-03
3.991418494821555e-03
3.833180456681454e-03
3.680494397656210e-03
3.533196846540489e-03
3.391127877831492e-03
3.254131083234052e-03
3.122053541454871e-03
2.994745786368552e-03
2.872061773637419e-03
2.753858845866378e-03
2.639997696373238e-03
2.530342331653989e-03
2.424760032621522e-03
2.323121314695199e-03
2.225299886817524e-03
2.131172609472929e-03
2.040619451782417e-03
1.953523447746412e-03
1.869770651706806e-03
1.789250093097678e-03
1.711853730552681e-03
1.637476405435528e-03
1.566015794858391e-03
1.497372364251427e-03
1.431449319544944e-03
1.368152559024043e-03
1.307390624913851e-03
1.249074654751706e-03
1.193118332600907e-03
1.139437840158863e-03
1.087951807810693e-03
1.038581265677526e-03
9.912495947069742e-04
9.458824778514375e-04
9.024078513781052e-04
8.607558563527397e-04
8.208587903375311e-04
7.826510593415496e-04
7.460691300605534e-04
7.110514824411740e-04
6.775385626027648e-04
6.454727361484974e-04
6.147982418956033e-04
5.854611460529918e-04
5.574092968728443e-04
5.305922798011746e-04
5.049613731507599e-04
4.804695043183015e-04
4.570712065661559e-04
4.347225763874876e-04
4.133812314722478e-04
3.930062692899639e-04
3.735582263039463e-04
3.549990378301751e-04
3.372919985528231e-04
3.204017237071062e-04
3.042941109389206e-04
2.889363028495406e-04
2.742966502324974e-04
2.603446760086539e-04
2.470510398644149e-04
2.343875035969902e-04
2.223268971696319e-04
2.108430854788206e-04
1.999109358344692e-04
1.895062861533380e-04
1.796059138650303e-04
1.701875055291448e-04
1.612296271614096e-04
1.527116952659132e-04
1.446139485698686e-04
1.369174204567138e-04
1.296039120927490e-04
1.226559662419494e-04
1.160568417630654e-04
1.097904887826249e-04
1.038415245370025e-04
9.819520987628752e-05
9.283742642229840e-05
8.775465437272871e-05
8.293395094308316e-05
7.836292943776612e-05
7.402973894141750e-05
6.992304462135360e-05
6.603200863176100e-05
6.234627161010876e-05
5.885593475608972e-05
5.555154248327089e-05
5.242406563352826e-05
4.946488524426029e-05
4.666577685831654e-05
4.401889536654238e-05
4.151676037282663e-05
3.915224207154608e-05
3.691854762732671e-05
3.480920804708799e-05
3.281806553440004e-05
3.093926131626524e-05
2.916722393253386e-05
2.749665797827822e-05
2.592253328957873e-05
2.444007456332010e-05
2.304475140175354e-05
2.173226877275262e-05
2.049855787687380e-05
1.933976741252896e-05
1.825225523078400e-05
1.723258037151548e-05
1.627749547288532e-05
1.538393954633067e-05
1.454903110951285e-05
1.377006166992405e-05
1.304448955211313e-05
1.236993406176259e-05
1.174416998012564e-05
1.116512238261660e-05
1.063086177563743e-05
1.013959954601906e-05
9.689683717756969e-06
9.279595011026205e-06
8.907943198771449e-06
8.573463756481914e-06
8.275014801079188e-06
8.011574315167753e-06
7.782237653222589e-06
7.586215326615918e-06
7.422831064715130e-06
7.291520149616286e-06
7.191828022411689e-06
7.123409159225933e-06
7.086026215591959e-06
