6.752255417248601e-06
6.781845488701439e-06
6.841129003362195e-06
6.930312963699624e-06
7.049708521151459e-06
7.199731754352421e-06
7.380904708348293e-06
7.593856696146139e-06
7.839325864286439e-06
8.118161024457378e-06
8.431323753504621e-06
8.779890764521131e-06
9.165056552030934e-06
9.588136314607775e-06
1.005056915859405e-05
1.055392158690707e-05
1.109989127723806e-05
1.169031115426460e-05
1.232715376080802e-05
1.301253593317456e-05
1.374872378622165e-05
1.453813801398838e-05
1.538335951202143e-05
1.628713532781481e-05
1.725238494606229e-05
1.828220691569560e-05
1.937988582594863e-05
2.054889963894777e-05
2.179292738658028e-05
2.311585723963585e-05
2.452179495745114e-05
2.601507272651188e-05
2.760025839668186e-05
2.928216512393234e-05
3.106586142863833e-05
3.295668167868891e-05
3.496023700682742e-05
3.708242667179224e-05
3.932944987297052e-05
4.170781802840342e-05
4.422436752609319e-05
4.688627295865757e-05
4.970106085145544e-05
5.267662389436856e-05
5.582123568746711e-05
5.914356601080970e-05
6.265269662863247e-05
6.635813763816431e-05
7.026984437326635e-05
7.439823487303294e-05
7.875420792540604e-05
8.334916169574687e-05
8.819501295017475e-05
9.330421688332315e-05
9.868978755997752e-05
1.043653189798446e-04
1.103450067744620e-04
1.166436705449842e-04
1.232767768492812e-04
1.302604628464508e-04
1.376115606064857e-04
1.453476220924365e-04
1.534869448219825e-04
1.620485982148605e-04
1.710524506321005e-04
1.805191971124843e-04
1.904703878110748e-04
2.009284571440519e-04
2.119167536434539e-04
2.234595705247339e-04
2.355821769693247e-04
2.483108501236470e-04
2.616729078151920e-04
2.756967419854768e-04
2.904118528387902e-04
3.058488837047265e-04
3.220396566115501e-04
3.390172085664296e-04
3.568158285375444e-04
3.754710951319832e-04
3.950199149622342e-04
4.155005616929069e-04
4.369527157581214e-04
4.594175047387639e-04
4.829375443875237e-04
5.075569802883132e-04
5.333215301353098e-04
5.602785266154728e-04
5.884769608769504e-04
6.179675265643332e-04
6.488026644002071e-04
6.810366072909249e-04
7.147254259329560e-04
7.499270748945713e-04
7.867014391460003e-04
8.251103810095444e-04
8.652177874994539e-04
9.070896180196689e-04
9.507939523858091e-04
9.964010391360506e-04
1.043983344093761e-03
1.093615599143003e-03
1.145374851176206e-03
1.199340511171530e-03
1.255594403355623e-03
1.314220814405668e-03
1.375306542642789e-03
1.438940947167117e-03
1.505215996882936e-03
1.574226319360606e-03
1.646069249480117e-03
1.720844877799384e-03
1.798656098588611e-03
1.879608657470346e-03
1.963811198603121e-03
2.051375311344884e-03
2.142415576330814e-03
2.237049610898460e-03
2.335398113791612e-03
2.437584909072765e-03
2.543736989172565e-03
2.653984557003240e-03
2.768461067061584e-03
2.887303265445846e-03
3.010651228709586e-03
3.138648401474418e-03
3.271441632722448e-03
3.409181210688277e-03
3.552020896269397e-03
3.700117954873107e-03
3.853633186617203e-03
4.012730954801156e-03
4.177579212563873e-03
4.348349527643718e-03
4.525217105156154e-03
4.708360808304119e-03
4.897963176936145e-03
5.094210443867275e-03
5.297292548877933e-03
5.507403150306213e-03
5.724739634149387e-03
5.949503120591045e-03
6.181898467870873e-03
6.422134273414933e-03
6.670422872145235e-03
6.926980331888492e-03
7.192026445805173e-03
7.465784721761418e-03
7.748482368567828e-03
8.040350279010931e-03
8.341623009604875e-03
8.652538756993029e-03
8.973339330931153e-03
9.304270123786306e-03
9.645580076487959e-03
9.997521640870536e-03
1.036035073834925e-02
1.073432671487423e-02
1.111971229211072e-02
1.151677351479680e-02
1.192577969423294e-02
1.234700334786178e-02
1.278072013489974e-02
1.322720878798624e-02
1.368675104082007e-02
1.415963155175668e-02
1.464613782334423e-02
1.514656011778087e-02
1.566119136827992e-02
1.619032708633451e-02
1.673426526487763e-02
1.729330627733888e-02
1.786775277260341e-02
1.845790956588451e-02
1.906408352552548e-02
1.968658345575239e-02
2.032571997540422e-02
2.098180539267222e-02
2.165515357588608e-02
2.234607982038960e-02
2.305490071155426e-02
2.378193398398467e-02
2.452749837697540e-02
2.529191348628438e-02
2.607549961229355e-02
2.687857760463318e-02
2.770146870335199e-02
2.854449437672056e-02
2.940797615576123e-02
3.029223546560331e-02
3.119759345376787e-02
3.212437081549161e-02
3.307288761620505e-02
3.404346311128539e-02
3.503641556320938e-02
3.605206205623733e-02
3.709071830876342e-02
3.815269848347343e-02
3.923831499545488e-02
4.034787831840975e-02
4.148169678912428e-02
4.264007641035466e-02
4.382332065229150e-02
4.503173025277023e-02
4.626560301639815e-02
4.752523361277253e-02
4.881091337396762e-02
5.012293009147163e-02
5.146156781275771e-02
5.282710663767574e-02
5.421982251485424e-02
5.563998703830406e-02
5.708786724441758e-02
5.856372540955890e-02
6.006781884844188e-02
6.160039971349460e-02
6.316171479540947e-02
6.475200532507880e-02
6.637150677711678e-02
6.802044867516807e-02
6.969905439920401e-02
7.140754099500632e-02
7.314611898603803e-02
7.491499218789995e-02
7.671435752557013e-02
7.854440485362196e-02
8.040531677961482e-02
8.229726849084894e-02
8.422042758467391e-02
8.617495390253740e-02
8.816099936795760e-02
9.017870782859980e-02
9.222821490263414e-02
9.430964782954679e-02
9.642312532557429e-02
9.856875744392472e-02
1.007466454399462e-01
1.029568816413970e-01
1.051995493239682e-01
1.074747225922016e-01
1.097824662659443e-01
1.121228357724698e-01
1.144958770443966e-01
1.169016264235206e-01
1.193401105706796e-01
1.218113463817558e-01
1.243153409099163e-01
1.268520912941887e-01
1.294215846944546e-01
1.320237982329442e-01
1.346586989423023e-01
1.373262437202902e-01
1.400263792911820e-01
1.427590421739037e-01
1.455241586569566e-01
1.483216447801587e-01
1.511514063232314e-01
1.540133388012467e-01
1.569073274669471e-01
1.598332473199386e-01
1.627909631227522e-01
1.657803294237566e-01
1.688011905869051e-01
1.718533808282806e-01
1.749367242594060e-01
1.780510349372707e-01
1.811961169210214e-01
1.843717643352553e-01
1.875777614398473e-01
1.908138827062347e-01
1.940798929000757e-01
1.973755471701918e-01
2.007005911436951e-01
2.040547610271968e-01
2.074377837139848e-01
2.108493768970538e-01
2.142892491878614e-01
2.177571002406821e-01
2.212526208824221e-01
2.247754932477518e-01
2.283253909194100e-01
2.319019790735270e-01
2.355049146298073e-01
2.391338464064111e-01
2.427884152793671e-01
2.464682543463446e-01
2.501729890946111e-01
2.539022375729953e-01
2.576556105676733e-01
2.614327117815939e-01
2.652331380173526e-01
2.690564793633254e-01
2.729023193828679e-01
2.767702353063849e-01
2.806597982260747e-01
2.845705732931477e-01
2.885021199173223e-01
2.924539919683966e-01
2.964257379796947e-01
3.004169013531884e-01
3.044270205660921e-01
3.084556293787295e-01
3.125022570434751e-01
3.165664285145674e-01
3.206476646585990e-01
3.247454824654853e-01
3.288593952597180e-01
3.329889129117087e-01
3.371335420490344e-01
3.412927862673934e-01
3.454661463410889e-01
3.496531204328548e-01
3.538532043028464e-01
3.580658915166171e-01
3.622906736519100e-01
3.665270405040946e-01
3.707744802900831e-01
3.750324798505653e-01
3.793005248504053e-01
3.835780999770468e-01
3.878646891367803e-01
3.921597756487265e-01
3.964628424364012e-01
4.007733722167238e-01
4.050908476863451e-01
4.094147517051678e-01
4.137445674769445e-01
4.180797787268379e-01
4.224198698758375e-01
4.267643262119321e-01
4.311126340579384e-01
4.354642809358990e-01
4.398187557279619e-01
4.441755488336628e-01
4.485341523235370e-01
4.528940600889919e-01
4.572547679883779e-01
4.616157739892003e-01
4.659765783064215e-01
4.703366835368066e-01
4.746955947892728e-01
4.790528198112078e-01
4.834078691107271e-01
4.877602560748456e-01
4.921094970835466e-01
4.964551116197313e-01
5.007966223750435e-01
5.051335553515630e-01
5.094654399593700e-01
5.137918091099873e-01
5.181121993057098e-01
5.224261507248357e-01
5.267332073028217e-01
5.310329168093842e-01
5.353248309215742e-01
5.396085052928593e-01
5.438834996182487e-01
5.481493776955000e-01
5.524057074824520e-01
5.566520611505306e-01
5.608880151344774e-01
5.651131501783537e-01
5.693270513778791e-01
5.735293082191597e-01
5.777195146138719e-01
5.818972689309627e-01
5.860621740249370e-01
5.902138372607975e-01
5.943518705357108e-01
5.984758902974716e-01
6.025855175598407e-01
6.066803779148320e-01
6.107601015420284e-01
6.148243232150041e-01
6.188726823049342e-01
6.229048227814734e-01
6.269203932109869e-01
6.309190467522147e-01
6.349004411494537e-01
6.388642387233434e-01
6.428101063593377e-01
6.467377154939469e-01
6.506467420988380e-01
6.545368666628747e-01
6.584077741721825e-01
6.622591540883247e-01
6.660907003246711e-01
6.699021112210439e-01
6.736930895167246e-01
6.774633423219003e-01
6.812125810876368e-01
6.849405215744521e-01
6.886468838195752e-01
6.923313921029658e-01
6.959937749121734e-01
6.996337649061107e-01
7.032510988778178e-01
7.068455177162885e-01
7.104167663674343e-01
7.139645937942526e-01
7.174887529362709e-01
7.209890006683344e-01
7.244650977588024e-01
7.279168088272182e-01
7.313439023015156e-01
7.347461503748220e-01
7.381233289619185e-01
7.414752176554144e-01
7.448015996816919e-01
7.481022618566739e-01
7.513769945414701e-01
7.546255915979478e-01
7.578478503442798e-01
7.610435715105135e-01
7.642125591942084e-01
7.673546208161829e-01
7.704695670764148e-01
7.735572119101313e-01
7.766173724441303e-01
7.796498689533662e-01
7.826545248178354e-01
7.856311664797950e-01
7.885796234013447e-01
7.914997280223999e-01
7.943913157190869e-01
7.972542247625827e-01
8.000882962784243e-01
8.028933742063133e-01
8.056693052604325e-01
8.084159388902967e-01
8.111331272421556e-01
8.138207251209655e-01
8.164785899529444e-01
8.191065817487251e-01
8.217045630671189e-01
8.242723989795008e-01
8.268099570348268e-01
8.293171072252918e-01
8.317937219526346e-01
8.342396759950994e-01
8.366548464750565e-01
8.390391128272878e-01
8.413923567679396e-01
8.437144622641463e-01
8.460053155043248e-01
8.482648048691432e-01
8.504928209031579e-01
8.526892562871241e-01
8.548540058109745e-01
8.569869663474631e-01
8.590880368264721e-01
8.611571182099790e-01
8.631941134676747e-01
8.651989275532338e-01
8.671714673812253e-01
8.691116418046613e-01
8.710193615931753e-01
8.728945394118236e-01
8.747370898005016e-01
8.765469291539668e-01
8.783239757024616e-01
8.800681494929250e-01
8.817793723707865e-01
8.834575679623310e-01
8.851026616576275e-01
8.867145805940099e-01
8.882932536401000e-01
8.898386113803664e-01
8.913505861002033e-01
8.928291117715254e-01
8.942741240388627e-01
8.956855602059505e-01
8.970633592227995e-01
8.984074616732390e-01
8.997178097629224e-01
9.009943473077814e-01
9.022370197229259e-01
9.034457740119708e-01
9.046205587567865e-01
9.057613241076601e-01
9.068680217738572e-01
9.079406050145771e-01
9.089790286302899e-01
9.099832489544453e-01
9.109532238455469e-01
9.118889126795807e-01
9.127902763427902e-01
9.136572772247886e-01
9.144898792120011e-01
9.152880476814271e-01
9.160517494947178e-01
9.167809529925585e-01
9.174756279893488e-01
9.181357457681758e-01
9.187612790760710e-01
9.193522021195455e-01
9.199084905603978e-01
9.204301215117872e-01
9.209170735345676e-01
9.213693266338771e-01
9.217868622559768e-01
9.221696632853369e-01
9.225177140419614e-01
9.228310002789524e-01
9.231095091803064e-01
9.233532293589410e-01
9.235621508549489e-01
9.237362651340750e-01
9.238755650864175e-01
9.239800450253468e-01
9.240497006866432e-01
9.240845292278514e-01
9.240845292278514e-01
9.240497006866432e-01
9.239800450253468e-01
9.238755650864175e-01
9.237362651340750e-01
9.235621508549489e-01
9.233532293589410e-01
9.231095091803064e-01
9.228310002789524e-01
9.225177140419614e-01
9.221696632853369e-01
9.217868622559768e-01
9.213693266338771e-01
9.209170735345676e-01
9.204301215117872e-01
9.199084905603978e-01
9.193522021195455e-01
9.187612790760710e-01
9.181357457681758e-01
9.174756279893488e-01
9.167809529925585e-01
9.160517494947178e-01
9.152880476814271e-01
9.144898792120011e-01
9.136572772247886e-01
9.127902763427902e-01
9.118889126795807e-01
9.109532238455469e-01
9.099832489544453e-01
9.089790286302899e-01
9.079406050145771e-01
9.068680217738572e-01
9.057613241076601e-01
9.046205587567865e-01
9.034457740119708e-01
9.022370197229259e-01
9.009943473077814e-01
8.997178097629224e-01
8.984074616732390e-01
8.970633592227995e-01
8.956855602059505e-01
8.942741240388627e-01
8.928291117715254e-01
8.913505861002033e-01
8.898386113803664e-01
8.882932536401000e-01
8.867145805940099e-01
8.851026616576275e-01
8.834575679623310e-01
8.817793723707865e-01
8.800681494929250e-01
8.783239757024616e-01
8.765469291539668e-01
8.747370898005016e-01
8.728945394118236e-01
8.710193615931753e-01
8.691116418046613e-01
8.671714673812253e-01
8.651989275532338e-01
8.631941134676747e-01
8.611571182099790e-01
8.590880368264721e-01
8.569869663474631e-01
8.548540058109745e-01
8.526892562871241e-01
8.504928209031579e-01
8.482648048691432e-01
8.460053155043248e-01
8.437144622641463e-01
8.413923567679396e-01
8.390391128272878e-01
8.366548464750565e-01
8.342396759950994e-01
8.317937219526346e-01
8.293171072252918e-01
8.268099570348268e-01
8.242723989795008e-01
8.217045630671189e-01
8.191065817487251e-01
8.164785899529444e-01
8.138207251209655e-01
8.111331272421556e-01
8.084159388902967e-01
8.056693052604325e-01
8.028933742063133e-01
8.000882962784243e-01
7.972542247625827e-01
7.943913157190869e-01
7.914997280223999e-01
7.885796234013447e-01
7.856311664797950e-01
7.826545248178354e-01
7.796498689533662e-01
7.766173724441303e-01
7.735572119101313e-01
7.704695670764148e-01
7.673546208161829e-01
7.642125591942084e-01
7.610435715105135e-01
7.578478503442798e-01
7.546255915979478e-01
7.513769945414701e-01
7.481022618566739e-01
7.448015996816919e-01
7.414752176554144e-01
7.381233289619185e-01
7.347461503748220e-01
7.313439023015156e-01
7.279168088272182e-01
7.244650977588024e-01
7.209890006683344e-01
7.174887529362709e-01
7.139645937942526e-01
7.104167663674343e-01
7.068455177162885e-01
7.032510988778178e-01
6.996337649061107e-01
6.959937749121734e-01
6.923313921029658e-01
6.886468838195752e-01
6.849405215744521e-01
6.812125810876368e-01
6.774633423219003e-01
6.736930895167246e-01
6.699021112210439e-01
6.660907003246711e-01
6.622591540883247e-01
6.584077741721825e-01
6.545368666628747e-01
6.506467420988380e-01
6.467377154939469e-01
6.428101063593377e-01
6.388642387233434e-01
6.349004411494537e-01
6.309190467522147e-01
6.269203932109869e-01
6.229048227814734e-01
6.188726823049342e-01
6.148243232150041e-01
6.107601015420284e-01
6.066803779148320e-01
6.025855175598407e-01
5.984758902974716e-01
5.943518705357108e-01
5.902138372607975e-01
5.860621740249370e-01
5.818972689309627e-01
5.777195146138719e-01
5.735293082191597e-01
5.693270513778791e-01
5.651131501783537e-01
5.608880151344774e-01
5.566520611505306e-01
5.524057074824520e-01
5.481493776955000e-01
5.438834996182487e-01
5.396085052928593e-01
5.353248309215742e-01
5.310329168093842e-01
5.267332073028217e-01
5.224261507248357e-01
5.181121993057098e-01
5.137918091099873e-01
5.094654399593700e-01
5.051335553515630e-01
5.007966223750435e-01
4.964551116197313e-01
4.921094970835466e-01
4.877602560748456e-01
4.834078691107271e-01
4.790528198112078e-01
4.746955947892728e-01
4.703366835368066e-01
4.659765783064215e-01
4.616157739892003e-01
4.572547679883779e-01
4.528940600889919e-01
4.485341523235370e-01
4.441755488336628e-01
4.398187557279619e-01
4.354642809358990e-01
4.311126340579384e-01
4.267643262119321e-01
4.224198698758375e-01
4.180797787268379e-01
4.137445674769445e-01
4.094147517051678e-01
4.050908476863451e-01
4.007733722167238e-01
3.964628424364012e-01
3.921597756487265e-01
3.878646891367803e-01
3.835780999770468e-01
3.793005248504053e-01
3.750324798505653e-01
3.707744802900831e-01
3.665270405040946e-01
3.622906736519100e-01
3.580658915166171e-01
3.538532043028464e-01
3.496531204328548e-01
3.454661463410889e-01
3.412927862673934e-01
3.371335420490344e-01
3.329889129117087e-01
3.288593952597180e-01
3.247454824654853e-01
3.206476646585990e-01
3.165664285145674e-01
3.125022570434751e-01
3.084556293787295e-01
3.044270205660921e-01
3.004169013531884e-01
2.964257379796947e-01
2.924539919683966e-01
2.885021199173223e-01
2.845705732931477e-01
2.806597982260747e-01
2.767702353063849e-01
2.729023193828679e-01
2.690564793633254e-01
2.652331380173526e-01
2.614327117815939e-01
2.576556105676733e-01
2.539022375729953e-01
2.501729890946111e-01
2.464682543463446e-01
2.427884152793671e-01
2.391338464064111e-01
2.355049146298073e-01
2.319019790735270e-01
2.283253909194100e-01
2.247754932477518e-01
2.212526208824221e-01
2.177571002406821e-01
2.142892491878614e-01
2.108493768970538e-01
2.074377837139848e-01
2.040547610271968e-01
2.007005911436951e-01
1.973755471701918e-01
1.940798929000757e-01
1.908138827062347e-01
1.875777614398473e-01
1.843717643352553e-01
1.811961169210214e-01
1.780510349372707e-01
1.749367242594060e-01
1.718533808282806e-01
1.688011905869051e-01
1.657803294237566e-01
1.627909631227522e-01
1.598332473199386e-01
1.569073274669471e-01
1.540133388012467e-01
1.511514063232314e-01
1.483216447801587e-01
1.455241586569566e-01
1.427590421739037e-01
1.400263792911820e-01
1.373262437202902e-01
1.346586989423023e-01
1.320237982329442e-01
1.294215846944546e-01
1.268520912941887e-01
1.243153409099163e-01
1.218113463817558e-01
1.193401105706796e-01
1.169016264235206e-01
1.144958770443966e-01
1.121228357724698e-01
1.097824662659443e-01
1.074747225922016e-01
1.051995493239682e-01
1.029568816413970e-01
1.007466454399462e-01
9.856875744392472e-02
9.642312532557429e-02
9.430964782954679e-02
9.222821490263414e-02
9.017870782859980e-02
8.816099936795760e-02
8.617495390253740e-02
8.422042758467391e-02
8.229726849084894e-02
8.040531677961482e-02
7.854440485362196e-02
7.671435752557013e-02
7.491499218789995e-02
7.314611898603803e-02
7.140754099500632e-02
6.969905439920401e-02
6.802044867516807e-02
6.637150677711678e-02
6.475200532507880e-02
6.316171479540947e-02
6.160039971349460e-02
6.006781884844188e-02
5.856372540955890e-02
5.708786724441758e-02
5.563998703830406e-02
5.421982251485424e-02
5.282710663767574e-02
5.146156781275771e-02
5.012293009147163e-02
4.881091337396762e-02
4.752523361277253e-02
4.626560301639815e-02
4.503173025277023e-02
4.382332065229150e-02
4.264007641035466e-02
4.148169678912428e-02
4.034787831840975e-02
3.923831499545488e-02
3.815269848347343e-02
3.709071830876342e-02
3.605206205623733e-02
3.503641556320938e-02
3.404346311128539e-02
3.307288761620505e-02
3.212437081549161e-02
3.119759345376787e-02
3.029223546560331e-02
2.940797615576123e-02
2.854449437672056e-02
2.770146870335199e-02
2.687857760463318e-02
2.607549961229355e-02
2.529191348628438e-02
2.452749837697540e-02
2.378193398398467e-02
2.305490071155426e-02
2.234607982038960e-02
2.165515357588608e-02
2.098180539267222e-02
2.032571997540422e-02
1.968658345575239e-02
1.906408352552548e-02
1.845790956588451e-02
1.786775277260341e-02
1.729330627733888e-02
1.673426526487763e-02
1.619032708633451e-02
1.566119136827992e-02
1.514656011778087e-02
1.464613782334423e-02
1.415963155175668e-02
1.368675104082007e-02
1.322720878798624e-02
1.278072013489974e-02
1.234700334786178e-02
1.192577969423294e-02
1.151677351479680e-02
1.111971229211072e-02
1.073432671487423e-02
1.036035073834925e-02
9.997521640870536e-03
9.645580076487959e-03
9.304270123786306e-03
8.973339330931153e-03
8.652538756993029e-03
8.341623009604875e-03
8.040350279010931e-03
7.748482368567828e-03
7.465784721761418e-03
7.192026445805173e-03
6.926980331888492e-03
6.670422872145235e-03
6.422134273414933e-03
6.181898467870873e-03
5.949503120591045e-03
5.724739634149387e-03
5.507403150306213e-03
5.297292548877933e-03
5.094210443867275e-03
4.897963176936145e-03
4.708360808304119e-03
4.525217105156154e-03
4.348349527643718e-03
4.177579212563873e-03
4.012730954801156e-03
3.853633186617203e-03
3.700117954873107e-03
3.552020896269397e-03
3.409181210688277e-03
3.271441632722448e-03
3.138648401474418e-03
3.010651228709586e-03
2.887303265445846e-03
2.768461067061584e-03
2.653984557003240e-03
2.543736989172565e-03
2.437584909072765e-03
2.335398113791612e-03
2.237049610898460e-03
2.142415576330814e-03
2.051375311344884e-03
1.963811198603121e-03
1.879608657470346e-03
1.798656098588611e-03
1.720844877799384e-03
1.646069249480117e-03
1.574226319360606e-03
1.505215996882936e-03
1.438940947167117e-03
1.375306542642789e-03
1.314220814405668e-03
1.255594403355623e-03
1.199340511171530e-03
1.145374851176206e-03
1.093615599143003e-03
1.043983344093761e-03
9.964010391360506e-04
9.507939523858091e-04
9.070896180196689e-04
8.652177874994539e-04
8.251103810095444e-04
7.867014391460003e-04
7.499270748945713e-04
7.147254259329560e-04
6.810366072909249e-04
6.488026644002071e-04
6.179675265643332e-04
5.884769608769504e-04
5.602785266154728e-04
5.333215301353098e-04
5.075569802883132e-04
4.829375443875237e-04
4.594175047387639e-04
4.369527157581214e-04
4.155005616929069e-04
3.950199149622342e-04
3.754710951319832e-04
3.568158285375444e-04
3.390172085664296e-04
3.220396566115501e-04
3.058488837047265e-04
2.904118528387902e-04
2.756967419854768e-04
2.616729078151920e-04
2.483108501236470e-04
2.355821769693247e-04
2.234595705247339e-04
2.119167536434539e-04
2.009284571440519e-04
1.904703878110748e-04
1.805191971124843e-04
1.710524506321005e-04
1.620485982148605e-04
1.534869448219825e-04
1.453476220924365e-04
1.376115606064857e-04
1.302604628464508e-04
1.232767768492812e-04
1.166436705449842e-04
1.103450067744620e-04
1.043653189798446e-04
9.868978755997752e-05
9.330421688332315e-05
8.819501295017475e-05
8.334916169574687e-05
7.875420792540604e-05
7.439823487303294e-05
7.026984437326635e-05
6.635813763816431e-05
6.265269662863247e-05
5.914356601080970e-05
5.582123568746711e-05
5.267662389436856e-05
4.970106085145544e-05
4.688627295865757e-05
4.422436752609319e-05
4.170781802840342e-05
3.932944987297052e-05
3.708242667179224e-05
3.496023700682742e-05
3.295668167868891e-05
3.106586142863833e-05
2.928216512393234e-05
2.760025839668186e-05
2.601507272651188e-05
2.452179495745114e-05
2.311585723963585e-05
2.179292738658028e-05
2.054889963894777e-05
1.937988582594863e-05
1.828220691569560e-05
1.725238494606229e-05
1.628713532781481e-05
1.538335951202143e-05
1.453813801398838e-05
1.374872378622165e-05
1.301253593317456e-05
1.232715376080802e-05
1.169031115426460e-05
1.109989127723806e-05
1.055392158690707e-05
1.005056915859405e-05
9.588136314607775e-06
9.165056552030934e-06
8.779890764521131e-06
8.431323753504621e-06
8.118161024457378e-06
7.839325864286439e-06
7.593856696146139e-06
7.380904708348293e-06
7.199731754352421e-06
7.049708521151459e-06
6.930312963699624e-06
6.841129003362195e-06
6.781845488701439e-06
6.752255417248601e-06
