6.875355426544625e-06
6.905381162563075e-06
6.965537114645938e-06
7.056032503327319e-06
7.177181810850920e-06
7.329405563844834e-06
7.513231378460039e-06
7.729295269318719e-06
7.978343223953118e-06
8.261233044749184e-06
8.578936460741082e-06
8.932541511932973e-06
9.323255209152512e-06
9.752406472766408e-06
1.022144935391162e-05
1.073196654221611e-05
1.128567316430024e-05
1.188442087766344e-05
1.253020226487060e-05
1.322515553325818e-05
1.397156952568090e-05
1.477188904811616e-05
1.562872052023370e-05
1.654483795532330e-05
1.752318927625203e-05
1.856690297439468e-05
1.967929511874634e-05
2.086387672268360e-05
2.212436147609059e-05
2.346467385080712e-05
2.488895758758817e-05
2.640158457298641e-05
2.800716411478189e-05
2.971055262478419e-05
3.151686371802266e-05
3.343147873751842e-05
3.546005771399746e-05
3.760855077005589e-05
3.988320997842714e-05
4.229060168412419e-05
4.483761930033780e-05
4.753149658806424e-05
5.037982142951051e-05
5.339055010538314e-05
5.657202208620523e-05
5.993297534782649e-05
6.348256222129095e-05
6.723036578720580e-05
7.118641682471250e-05
7.536121132509605e-05
7.976572857997987e-05
8.441144985394151e-05
8.931037765124637e-05
9.447505558623392e-05
9.991858886670006e-05
1.056546653994024e-04
1.116975775265689e-04
1.180622444020148e-04
1.247642350151689e-04
1.318197918709727e-04
1.392458553332482e-04
1.470600886387330e-04
1.552809035885432e-04
1.639274869233622e-04
1.730198273881492e-04
1.825787434916238e-04
1.926259119652117e-04
2.031838969255266e-04
2.142761797438149e-04
2.259271896251067e-04
2.381623348990950e-04
2.510080350240011e-04
2.644917533038847e-04
2.786420303190197e-04
2.934885180680728e-04
3.090620148199065e-04
3.253945006718662e-04
3.425191738104131e-04
3.604704874689215e-04
3.792841875763842e-04
3.989973510896435e-04
4.196484250006095e-04
4.412772660087262e-04
4.639251808477072e-04
4.876349672542846e-04
5.124509555654006e-04
5.384190509289163e-04
5.655867761115231e-04
5.940033148861158e-04
6.237195559794258e-04
6.547881375592174e-04
6.872634922388249e-04
7.212018925752443e-04
7.566614970354098e-04
7.937023964036662e-04
8.323866606017978e-04
8.727783858913181e-04
9.149437424260144e-04
9.589510221210430e-04
1.004870686803125e-03
1.052775416604650e-03
1.102740158562727e-03
1.154842175382436e-03
1.209161094321770e-03
1.265778956153930e-03
1.324780264160861e-03
1.386252033110114e-03
1.450283838165314e-03
1.516967863678714e-03
1.586398951812564e-03
1.658674650934190e-03
1.733895263727998e-03
1.812163894965791e-03
1.893586498875153e-03
1.978271926043885e-03
2.066331969796884e-03
2.157881411980164e-03
2.253038068085183e-03
2.351922831645043e-03
2.454659717832650e-03
2.561375906189474e-03
2.672201782412109e-03
2.787270979122537e-03
2.906720415546688e-03
3.030690336024682e-03
3.159324347274996e-03
3.292769454333737e-03
3.431176095089194e-03
3.574698173330964e-03
3.723493090232103e-03
3.877721774182045e-03
4.037548708887394e-03
4.203141959657176e-03
4.374673197788691e-03
4.552317722969827e-03
4.736254483613452e-03
4.926666095039434e-03
5.123738855419888e-03
5.327662759403360e-03
5.538631509333985e-03
5.756842523982036e-03
5.982496944702847e-03
6.215799638941758e-03
6.456959201003569e-03
6.706187950005915e-03
6.963701924937136e-03
7.229720876740404e-03
7.504468257347317e-03
7.788171205585683e-03
8.081060529887944e-03
8.383370687728521e-03
8.695339761720393e-03
9.017209432303308e-03
9.349224946958475e-03
9.691635085886899e-03
1.004469212409125e-02
1.040865178980388e-02
1.078377321920658e-02
1.117031890739069e-02
1.156855465550941e-02
1.197874951407765e-02
1.240117572237813e-02
1.283610864393622e-02
1.328382669802974e-02
1.374461128720404e-02
1.421874672076656e-02
1.470652013423948e-02
1.520822140475331e-02
1.572414306236872e-02
1.625458019731871e-02
1.679983036316752e-02
1.736019347588790e-02
1.793597170886315e-02
1.852746938382506e-02
1.913499285774449e-02
1.975885040569609e-02
2.039935209972408e-02
2.105680968374141e-02
2.173153644449981e-02
2.242384707867389e-02
2.313405755610778e-02
2.386248497927846e-02
2.460944743903533e-02
2.537526386668126e-02
2.616025388246592e-02
2.696473764056779e-02
2.778903567064672e-02
2.863346871605461e-02
2.949835756879724e-02
3.038402290134592e-02
3.129078509540265e-02
3.221896406772862e-02
3.316887909315037e-02
3.414084862486385e-02
3.513519011216150e-02
3.615221981571243e-02
3.719225262053113e-02
3.825560184677450e-02
3.934257905851222e-02
4.045349387061960e-02
4.158865375394688e-02
4.274836383892303e-02
4.393292671775623e-02
4.514264224539728e-02
4.637780733943581e-02
4.763871577910292e-02
4.892565800355712e-02
5.023892090963357e-02
5.157878764923986e-02
5.294553742658388e-02
5.433944529542224e-02
5.576078195651970e-02
5.720981355551221e-02
5.868680148136791e-02
6.019200216564187e-02
6.172566688272187e-02
6.328804155126307e-02
6.487936653701058e-02
6.649987645720917e-02
6.814979998679939e-02
6.982935966659964e-02
7.153877171367287e-02
7.327824583407631e-02
7.504798503819131e-02
7.684818545882940e-02
7.867903617230902e-02
8.054071902269520e-02
8.243340844939309e-02
8.435727131828313e-02
8.631246675658311e-02
8.829914599161971e-02
9.031745219368847e-02
9.236752032317776e-02
9.444947698212851e-02
9.656344027039736e-02
9.870951964658657e-02
1.008878157938994e-01
1.030984204910747e-01
1.053414164885497e-01
1.076168773899948e-01
1.099248675393567e-01
1.122654419135443e-01
1.146386460208818e-01
1.170445158054492e-01
1.194830775574242e-01
1.219543478295320e-01
1.244583333597038e-01
1.269950310000364e-01
1.295644276521398e-01
1.321665002089517e-01
1.348012155030902e-01
1.374685302618099e-01
1.401683910686164e-01
1.429007343315903e-01
1.456654862584601e-01
1.484625628384582e-01
1.512918698309867e-01
1.541533027611084e-01
1.570467469218747e-01
1.599720773834920e-01
1.629291590093191e-01
1.659178464786833e-01
1.689379843164924e-01
1.719894069296125e-01
1.750719386499744e-01
1.781853937843629e-01
1.813295766708361e-01
1.845042817417135e-01
1.877092935930650e-01
1.909443870606251e-01
1.942093273020488e-01
1.975038698854205e-01
2.008277608839170e-01
2.041807369765218e-01
2.075625255546805e-01
2.109728448347793e-01
2.144114039763234e-01
2.178779032056865e-01
2.213720339452956e-01
2.248934789481103e-01
2.284419124372495e-01
2.320170002506147e-01
2.356183999903537e-01
2.392457611770010e-01
2.428987254081320e-01
2.465769265213590e-01
2.502799907614960e-01
2.540075369517139e-01
2.577591766685052e-01
2.615345144202755e-01
2.653331478293722e-01
2.691546678173623e-01
2.729986587933683e-01
2.768646988452661e-01
2.807523599335512e-01
2.846612080876758e-01
2.885908036046582e-01
2.925407012497666e-01
2.965104504590763e-01
3.004995955437028e-01
3.045076758955090e-01
3.085342261940880e-01
3.125787766148237e-01
3.166408530378292e-01
3.207199772575683e-01
3.248156671929624e-01
3.289274370977919e-01
3.330547977711971e-01
3.371972567680915e-01
3.413543186092985e-01
3.455254849912270e-01
3.497102549949052e-01
3.539081252941922e-01
3.581185903629927e-01
3.623411426813026e-01
3.665752729399173e-01
3.708204702436381e-01
3.750762223128156e-01
3.793420156830748e-01
3.836173359030700e-01
3.879016677301209e-01
3.921944953235885e-01
3.964953024358523e-01
4.008035726007561e-01
4.051187893193938e-01
4.094404362431134e-01
4.137679973536201e-01
4.181009571400673e-01
4.224388007730291e-01
4.267810142752498e-01
4.311270846890782e-01
4.354765002404933e-01
4.398287504996378e-01
4.441833265377791e-01
4.485397210806247e-01
4.528974286579234e-01
4.572559457492892e-01
4.616147709261917e-01
4.659734049900607e-01
4.703313511064590e-01
4.746881149352829e-01
4.790432047569558e-01
4.833961315945834e-01
4.877464093320483e-01
4.920935548280225e-01
4.964370880258853e-01
5.007765320595358e-01
5.051114133550978e-01
5.094412617285164e-01
5.137656104790521e-01
5.180839964786824e-01
5.223959602574261e-01
5.267010460846088e-01
5.309988020460934e-01
5.352887801175021e-01
5.395705362334632e-01
5.438436303529157e-01
5.481076265205135e-01
5.523620929241697e-01
5.566066019487886e-01
5.608407302262348e-01
5.650640586815900e-01
5.692761725757574e-01
5.734766615444677e-01
5.776651196337512e-01
5.818411453319376e-01
5.860043415982517e-01
5.901543158880705e-01
5.942906801749166e-01
5.984130509692551e-01
6.025210493341728e-01
6.066143008980123e-01
6.106924358640395e-01
6.147550890172248e-01
6.188018997282132e-01
6.228325119545706e-01
6.268465742393814e-01
6.308437397072848e-01
6.348236660580300e-01
6.387860155576360e-01
6.427304550272380e-01
6.466566558297053e-01
6.505642938541160e-01
6.544530494981702e-01
6.583226076486290e-01
6.621726576598599e-01
6.660028933305737e-01
6.698130128788369e-01
6.736027189154391e-01
6.773717184156997e-01
6.811197226897933e-01
6.848464473516751e-01
6.885516122866838e-01
6.922349416179023e-01
6.958961636713502e-01
6.995350109400874e-01
7.031512200473004e-01
7.067445317084461e-01
7.103146906925247e-01
7.138614457825526e-01
7.173845497353024e-01
7.208837592403801e-01
7.243588348787032e-01
7.278095410804459e-01
7.312356460825117e-01
7.346369218855963e-01
7.380131442108998e-01
7.413640924565443e-01
7.446895496537547e-01
7.479893024228539e-01
7.512631409291289e-01
7.545108588386139e-01
7.577322532738410e-01
7.609271247696053e-01
7.640952772287904e-01
7.672365178782953e-01
7.703506572251044e-01
7.734375090125446e-01
7.764968901767598e-01
7.795286208034469e-01
7.825325240848809e-01
7.855084262772677e-01
7.884561566584503e-01
7.913755474860017e-01
7.942664339557304e-01
7.971286541606238e-01
7.999620490502566e-01
8.027664623906831e-01
8.055417407248392e-01
8.082877333334697e-01
8.110042921966024e-01
8.136912719555843e-01
8.163485298756950e-01
8.189759258093527e-01
8.215733221599257e-01
8.241405838461585e-01
8.266775782672251e-01
8.291841752684184e-01
8.316602471074820e-01
8.341056684215923e-01
8.365203161949962e-01
8.389040697273089e-01
8.412568106024745e-01
8.435784226583943e-01
8.458687919572219e-01
8.481278067563262e-01
8.503553574799236e-01
8.525513366913774e-01
8.547156390661620e-01
8.568481613654912e-01
8.589488024106058e-01
8.610174630577164e-01
8.630540461735999e-01
8.650584566118400e-01
8.670306011897105e-01
8.689703886656920e-01
8.708777297176168e-01
8.727525369214363e-01
8.745947247305993e-01
8.764042094560385e-01
8.781809092467532e-01
8.799247440709805e-01
8.816356356979484e-01
8.833135076801973e-01
8.849582853364659e-01
8.865698957351275e-01
8.881482676781696e-01
8.896933316857061e-01
8.912050199810129e-01
8.926832664760745e-01
8.941280067576355e-01
8.955391780737429e-01
8.969167193207717e-01
8.982605710309213e-01
8.995706753601761e-01
9.008469760767149e-01
9.020894185497647e-01
9.032979497388837e-01
9.044725181836687e-01
9.056130739938714e-01
9.067195688399191e-01
9.077919559438269e-01
9.088301900704930e-01
9.098342275193688e-01
9.108040261164918e-01
9.117395452068772e-01
9.126407456472535e-01
9.135075897991398e-01
9.143400415222508e-01
9.151380661682262e-01
9.159016305746736e-01
9.166307030595184e-01
9.173252534156541e-01
9.179852529058847e-01
9.186106742581537e-01
9.192014916610513e-01
9.197576807595967e-01
9.202792186512869e-01
9.207660838824068e-01
9.212182564445967e-01
9.216357177716716e-01
9.220184507366864e-01
9.223664396492450e-01
9.226796702530464e-01
9.229581297236672e-01
9.232018066665744e-01
9.234106911153676e-01
9.235847745302461e-01
9.237240497967002e-01
9.238285112244229e-01
9.238981545464416e-01
9.239329769184689e-01
9.239329769184689e-01
9.238981545464418e-01
9.238285112244230e-01
9.237240497967003e-01
9.235847745302462e-01
9.234106911153677e-01
9.232018066665745e-01
9.229581297236673e-01
9.226796702530465e-01
9.223664396492451e-01
9.220184507366865e-01
9.216357177716717e-01
9.212182564445968e-01
9.207660838824069e-01
9.202792186512870e-01
9.197576807595969e-01
9.192014916610514e-01
9.186106742581538e-01
9.179852529058848e-01
9.173252534156542e-01
9.166307030595185e-01
9.159016305746737e-01
9.151380661682263e-01
9.143400415222509e-01
9.135075897991399e-01
9.126407456472536e-01
9.117395452068773e-01
9.108040261164919e-01
9.098342275193689e-01
9.088301900704931e-01
9.077919559438270e-01
9.067195688399192e-01
9.056130739938715e-01
9.044725181836688e-01
9.032979497388838e-01
9.020894185497648e-01
9.008469760767150e-01
8.995706753601762e-01
8.982605710309214e-01
8.969167193207718e-01
8.955391780737431e-01
8.941280067576356e-01
8.926832664760747e-01
8.912050199810130e-01
8.896933316857062e-01
8.881482676781697e-01
8.865698957351276e-01
8.849582853364660e-01
8.833135076801975e-01
8.816356356979486e-01
8.799247440709806e-01
8.781809092467533e-01
8.764042094560386e-01
8.745947247305994e-01
8.727525369214364e-01
8.708777297176169e-01
8.689703886656921e-01
8.670306011897106e-01
8.650584566118401e-01
8.630540461736000e-01
8.610174630577165e-01
8.589488024106059e-01
8.568481613654914e-01
8.547156390661621e-01
8.525513366913775e-01
8.503553574799237e-01
8.481278067563263e-01
8.458687919572220e-01
8.435784226583944e-01
8.412568106024746e-01
8.389040697273090e-01
8.365203161949963e-01
8.341056684215924e-01
8.316602471074821e-01
8.291841752684185e-01
8.266775782672252e-01
8.241405838461586e-01
8.215733221599258e-01
8.189759258093529e-01
8.163485298756951e-01
8.136912719555844e-01
8.110042921966025e-01
8.082877333334698e-01
8.055417407248393e-01
8.027664623906832e-01
7.999620490502567e-01
7.971286541606240e-01
7.942664339557305e-01
7.913755474860018e-01
7.884561566584504e-01
7.855084262772678e-01
7.825325240848811e-01
7.795286208034470e-01
7.764968901767599e-01
7.734375090125447e-01
7.703506572251045e-01
7.672365178782954e-01
7.640952772287906e-01
7.609271247696054e-01
7.577322532738411e-01
7.545108588386140e-01
7.512631409291290e-01
7.479893024228540e-01
7.446895496537548e-01
7.413640924565444e-01
7.380131442108999e-01
7.346369218855964e-01
7.312356460825118e-01
7.278095410804460e-01
7.243588348787033e-01
7.208837592403802e-01
7.173845497353025e-01
7.138614457825527e-01
7.103146906925248e-01
7.067445317084462e-01
7.031512200473005e-01
6.995350109400875e-01
6.958961636713503e-01
6.922349416179024e-01
6.885516122866839e-01
6.848464473516752e-01
6.811197226897934e-01
6.773717184156998e-01
6.736027189154392e-01
6.698130128788370e-01
6.660028933305738e-01
6.621726576598600e-01
6.583226076486292e-01
6.544530494981703e-01
6.505642938541161e-01
6.466566558297054e-01
6.427304550272381e-01
6.387860155576361e-01
6.348236660580301e-01
6.308437397072849e-01
6.268465742393815e-01
6.228325119545707e-01
6.188018997282133e-01
6.147550890172249e-01
6.106924358640397e-01
6.066143008980124e-01
6.025210493341729e-01
5.984130509692552e-01
5.942906801749167e-01
5.901543158880707e-01
5.860043415982518e-01
5.818411453319378e-01
5.776651196337513e-01
5.734766615444679e-01
5.692761725757575e-01
5.650640586815902e-01
5.608407302262349e-01
5.566066019487887e-01
5.523620929241698e-01
5.481076265205136e-01
5.438436303529158e-01
5.395705362334633e-01
5.352887801175022e-01
5.309988020460934e-01
5.267010460846088e-01
5.223959602574261e-01
5.180839964786824e-01
5.137656104790521e-01
5.094412617285164e-01
5.051114133550978e-01
5.007765320595358e-01
4.964370880258853e-01
4.920935548280225e-01
4.877464093320483e-01
4.833961315945834e-01
4.790432047569558e-01
4.746881149352830e-01
4.703313511064590e-01
4.659734049900607e-01
4.616147709261917e-01
4.572559457492892e-01
4.528974286579234e-01
4.485397210806248e-01
4.441833265377791e-01
4.398287504996379e-01
4.354765002404934e-01
4.311270846890783e-01
4.267810142752499e-01
4.224388007730293e-01
4.181009571400675e-01
4.137679973536202e-01
4.094404362431135e-01
4.051187893193939e-01
4.008035726007562e-01
3.964953024358524e-01
3.921944953235886e-01
3.879016677301210e-01
3.836173359030701e-01
3.793420156830749e-01
3.750762223128157e-01
3.708204702436382e-01
3.665752729399174e-01
3.623411426813026e-01
3.581185903629928e-01
3.539081252941923e-01
3.497102549949053e-01
3.455254849912270e-01
3.413543186092985e-01
3.371972567680915e-01
3.330547977711971e-01
3.289274370977919e-01
3.248156671929625e-01
3.207199772575683e-01
3.166408530378293e-01
3.125787766148238e-01
3.085342261940880e-01
3.045076758955090e-01
3.004995955437029e-01
2.965104504590764e-01
2.925407012497666e-01
2.885908036046583e-01
2.846612080876758e-01
2.807523599335512e-01
2.768646988452662e-01
2.729986587933684e-01
2.691546678173624e-01
2.653331478293722e-01
2.615345144202756e-01
2.577591766685052e-01
2.540075369517139e-01
2.502799907614962e-01
2.465769265213591e-01
2.428987254081320e-01
2.392457611770010e-01
2.356183999903537e-01
2.320170002506148e-01
2.284419124372495e-01
2.248934789481103e-01
2.213720339452957e-01
2.178779032056865e-01
2.144114039763234e-01
2.109728448347793e-01
2.075625255546805e-01
2.041807369765218e-01
2.008277608839170e-01
1.975038698854205e-01
1.942093273020488e-01
1.909443870606251e-01
1.877092935930650e-01
1.845042817417135e-01
1.813295766708361e-01
1.781853937843629e-01
1.750719386499744e-01
1.719894069296125e-01
1.689379843164924e-01
1.659178464786833e-01
1.629291590093191e-01
1.599720773834921e-01
1.570467469218748e-01
1.541533027611084e-01
1.512918698309868e-01
1.484625628384583e-01
1.456654862584601e-01
1.429007343315904e-01
1.401683910686165e-01
1.374685302618099e-01
1.348012155030903e-01
1.321665002089517e-01
1.295644276521399e-01
1.269950310000365e-01
1.244583333597038e-01
1.219543478295320e-01
1.194830775574242e-01
1.170445158054493e-01
1.146386460208818e-01
1.122654419135443e-01
1.099248675393567e-01
1.076168773899948e-01
1.053414164885497e-01
1.030984204910747e-01
1.008878157938994e-01
9.870951964658657e-02
9.656344027039736e-02
9.444947698212851e-02
9.236752032317776e-02
9.031745219368847e-02
8.829914599161971e-02
8.631246675658311e-02
8.435727131828313e-02
8.243340844939309e-02
8.054071902269520e-02
7.867903617230902e-02
7.684818545882940e-02
7.504798503819131e-02
7.327824583407631e-02
7.153877171367287e-02
6.982935966659964e-02
6.814979998679939e-02
6.649987645720917e-02
6.487936653701058e-02
6.328804155126307e-02
6.172566688272187e-02
6.019200216564187e-02
5.868680148136791e-02
5.720981355551221e-02
5.576078195651970e-02
5.433944529542223e-02
5.294553742658387e-02
5.157878764923985e-02
5.023892090963356e-02
4.892565800355710e-02
4.763871577910291e-02
4.637780733943579e-02
4.514264224539727e-02
4.393292671775622e-02
4.274836383892302e-02
4.158865375394687e-02
4.045349387061958e-02
3.934257905851220e-02
3.825560184677448e-02
3.719225262053111e-02
3.615221981571241e-02
3.513519011216148e-02
3.414084862486383e-02
3.316887909315035e-02
3.221896406772860e-02
3.129078509540263e-02
3.038402290134590e-02
2.949835756879723e-02
2.863346871605459e-02
2.778903567064671e-02
2.696473764056778e-02
2.616025388246590e-02
2.537526386668124e-02
2.460944743903531e-02
2.386248497927845e-02
2.313405755610777e-02
2.242384707867387e-02
2.173153644449980e-02
2.105680968374140e-02
2.039935209972407e-02
1.975885040569608e-02
1.913499285774448e-02
1.852746938382505e-02
1.793597170886314e-02
1.736019347588789e-02
1.679983036316750e-02
1.625458019731870e-02
1.572414306236871e-02
1.520822140475329e-02
1.470652013423947e-02
1.421874672076655e-02
1.374461128720403e-02
1.328382669802973e-02
1.283610864393621e-02
1.240117572237812e-02
1.197874951407764e-02
1.156855465550940e-02
1.117031890739068e-02
1.078377321920657e-02
1.040865178980387e-02
1.004469212409124e-02
9.691635085886892e-03
9.349224946958468e-03
9.017209432303301e-03
8.695339761720386e-03
8.383370687728514e-03
8.081060529887935e-03
7.788171205585675e-03
7.504468257347310e-03
7.229720876740398e-03
6.963701924937130e-03
6.706187950005910e-03
6.456959201003564e-03
6.215799638941753e-03
5.982496944702841e-03
5.756842523982030e-03
5.538631509333980e-03
5.327662759403355e-03
5.123738855419883e-03
4.926666095039429e-03
4.736254483613448e-03
4.552317722969823e-03
4.374673197788686e-03
4.203141959657171e-03
4.037548708887390e-03
3.877721774182041e-03
3.723493090232099e-03
3.574698173330960e-03
3.431176095089190e-03
3.292769454333733e-03
3.159324347274993e-03
3.030690336024679e-03
2.906720415546685e-03
2.787270979122534e-03
2.672201782412106e-03
2.561375906189471e-03
2.454659717832647e-03
2.351922831645040e-03
2.253038068085181e-03
2.157881411980162e-03
2.066331969796881e-03
1.978271926043883e-03
1.893586498875151e-03
1.812163894965789e-03
1.733895263727996e-03
1.658674650934189e-03
1.586398951812562e-03
1.516967863678713e-03
1.450283838165312e-03
1.386252033110113e-03
1.324780264160859e-03
1.265778956153929e-03
1.209161094321769e-03
1.154842175382435e-03
1.102740158562726e-03
1.052775416604649e-03
1.004870686803124e-03
9.589510221210423e-04
9.149437424260138e-04
8.727783858913173e-04
8.323866606017972e-04
7.937023964036655e-04
7.566614970354092e-04
7.212018925752436e-04
6.872634922388243e-04
6.547881375592168e-04
6.237195559794253e-04
5.940033148861153e-04
5.655867761115226e-04
5.384190509289158e-04
5.124509555654002e-04
4.876349672542841e-04
4.639251808477067e-04
4.412772660087258e-04
4.196484250006091e-04
3.989973510896432e-04
3.792841875763839e-04
3.604704874689212e-04
3.425191738104128e-04
3.253945006718660e-04
3.090620148199062e-04
2.934885180680725e-04
2.786420303190194e-04
2.644917533038844e-04
2.510080350240008e-04
2.381623348990948e-04
2.259271896251065e-04
2.142761797438148e-04
2.031838969255265e-04
1.926259119652115e-04
1.825787434916236e-04
1.730198273881491e-04
1.639274869233621e-04
1.552809035885430e-04
1.470600886387329e-04
1.392458553332481e-04
1.318197918709726e-04
1.247642350151688e-04
1.180622444020147e-04
1.116975775265688e-04
1.056546653994023e-04
9.991858886669998e-05
9.447505558623384e-05
8.931037765124628e-05
8.441144985394143e-05
7.976572857997980e-05
7.536121132509597e-05
7.118641682471243e-05
6.723036578720573e-05
6.348256222129090e-05
5.993297534782644e-05
5.657202208620518e-05
5.339055010538310e-05
5.037982142951046e-05
4.753149658806420e-05
4.483761930033776e-05
4.229060168412415e-05
3.988320997842711e-05
3.760855077005585e-05
3.546005771399744e-05
3.343147873751839e-05
3.151686371802263e-05
2.971055262478417e-05
2.800716411478187e-05
2.640158457298639e-05
2.488895758758815e-05
2.346467385080710e-05
2.212436147609057e-05
2.086387672268358e-05
1.967929511874632e-05
1.856690297439467e-05
1.752318927625201e-05
1.654483795532328e-05
1.562872052023368e-05
1.477188904811615e-05
1.397156952568089e-05
1.322515553325817e-05
1.253020226487059e-05
1.188442087766343e-05
1.128567316430023e-05
1.073196654221610e-05
1.022144935391161e-05
9.752406472766401e-06
9.323255209152507e-06
8.932541511932968e-06
8.578936460741077e-06
8.261233044749179e-06
7.978343223953113e-06
7.729295269318713e-06
7.513231378460033e-06
7.329405563844829e-06
7.177181810850916e-06
7.056032503327314e-06
6.965537114645934e-06
6.905381162563070e-06
6.875355426544621e-06
