6.830822680610812e-06
6.860731080848664e-06
6.920652183095581e-06
7.010794851354689e-06
7.131473033119973e-06
7.283106542108345e-06
7.466222103476510e-06
7.681454662870410e-06
7.929548960990103e-06
8.211361375686812e-06
8.527862033941240e-06
8.880137196402789e-06
9.269391917497960e-06
9.696952984442373e-06
1.016427213881451e-05
1.067292958467002e-05
1.122463778749287e-05
1.182124556859367e-05
1.246474249987560e-05
1.315726360419418e-05
1.390109436683839e-05
1.469867606395731e-05
1.555261141404695e-05
1.646567055889766e-05
1.744079738068134e-05
1.848111616213024e-05
1.958993859702449e-05
2.077077115846336e-05
2.202732283264529e-05
2.336351322612246e-05
2.478348105472859e-05
2.629159302260059e-05
2.789245309992730e-05
2.959091220826035e-05
3.139207832241176e-05
3.330132699814170e-05
3.532431233500488e-05
3.746697838387645e-05
3.973557100881615e-05
4.213665021305333e-05
4.467710293898296e-05
4.736415635215508e-05
5.020539161931471e-05
5.320875819060671e-05
5.638258859609893e-05
5.973561376679644e-05
6.327697889031930e-05
6.701625981139490e-05
7.096347998727316e-05
7.512912800810691e-05
7.952417569225170e-05
8.416009676632521e-05
8.904888613972958e-05
9.420307978317493e-05
9.963577522055246e-05
1.053606526432869e-04
1.113919966560517e-04
1.177447186624539e-04
1.244343798989909e-04
1.314772151252429e-04
1.388901569778973e-04
1.466908609958018e-04
1.548977313228044e-04
1.635299470946762e-04
1.726074895159060e-04
1.821511696316186e-04
1.921826567992962e-04
2.027245078643695e-04
2.138001970430984e-04
2.254341465154769e-04
2.376517577301715e-04
2.504794434227416e-04
2.639446603475885e-04
2.780759427232368e-04
2.929029363896737e-04
3.084564336755495e-04
3.247684089720833e-04
3.418720550095138e-04
3.598018198308985e-04
3.785934444569792e-04
3.982840012347116e-04
4.189119328608970e-04
4.405170920711510e-04
4.631407819832045e-04
4.868257970822561e-04
5.116164648347732e-04
5.375586879157904e-04
5.646999870333572e-04
5.930895443323651e-04
6.227782473585176e-04
6.538187335617144e-04
6.862654353165897e-04
7.201746254363877e-04
7.556044631547656e-04
7.926150405484977e-04
8.312684293724079e-04
8.716287282761891e-04
9.137621103710728e-04
9.577368711125978e-04
1.003623476463993e-03
1.051494611302940e-03
1.101425228032707e-03
1.153492595356889e-03
1.207776347175166e-03
1.264358531555738e-03
1.323323659738269e-03
1.384758755119374e-03
1.448753402170905e-03
1.515399795239470e-03
1.584792787173878e-03
1.657029937725358e-03
1.732211561663738e-03
1.810440776550939e-03
1.891823550111479e-03
1.976468747137976e-03
2.064488175867966e-03
2.155996633766739e-03
2.251111952649300e-03
2.349955043073011e-03
2.452649937930966e-03
2.559323835174709e-03
2.670107139593484e-03
2.785133503575904e-03
2.904539866778575e-03
3.028466494625104e-03
3.157057015557668e-03
3.290458456962340e-03
3.428821279688336e-03
3.572299411080454e-03
3.721050276443181e-03
3.875234828854183e-03
4.035017577244310e-03
4.200566612660684e-03
4.372053632629053e-03
4.549653963531246e-03
4.733546580913388e-03
4.923914127640447e-03
5.120942929812708e-03
5.324823010359938e-03
5.535748100229292e-03
5.753915647083417e-03
5.979526821425776e-03
6.212786520070866e-03
6.453903366877877e-03
6.703089710667243e-03
6.960561620240711e-03
7.226538876426743e-03
7.501244961074511e-03
7.784907042921290e-03
8.077755960259730e-03
8.380026200333396e-03
8.691955875390895e-03
9.013786695331157e-03
9.345763936874687e-03
9.688136409198108e-03
1.004115641597192e-02
1.040507971374421e-02
1.078016546661594e-02
1.116667619715658e-02
1.156487773351194e-02
1.197503915265976e-02
1.239743271977162e-02
1.283233382364410e-02
1.328002090816518e-02
1.374077539978649e-02
1.421488163097564e-02
1.470262675962731e-02
1.520430068441615e-02
1.572019595607877e-02
1.625060768461702e-02
1.679583344241923e-02
1.735617316330092e-02
1.793192903747148e-02
1.852340540243832e-02
1.913090862986494e-02
1.975474700840479e-02
2.039523062253783e-02
2.105267122744219e-02
2.172738211993847e-02
2.241967800555012e-02
2.312987486172819e-02
2.385828979729489e-02
2.460524090816545e-02
2.537104712941372e-02
2.615602808375220e-02
2.696050392650312e-02
2.778479518714231e-02
2.862922260750376e-02
2.949410697673767e-02
3.037976896312071e-02
3.128652894282257e-02
3.221470682573807e-02
3.316462187849978e-02
3.413659254479093e-02
3.513093626308404e-02
3.614796928193519e-02
3.718800647296944e-02
3.825136114169718e-02
3.933834483630635e-02
4.044926715457973e-02
4.158443554909124e-02
4.274415513083916e-02
4.392872847147854e-02
4.513845540431898e-02
4.637363282425754e-02
4.763455448682041e-02
4.892151080649008e-02
5.023478865449809e-02
5.157467115626628e-02
5.294143748868232e-02
5.433536267739755e-02
5.575671739433787e-02
5.720576775561981e-02
5.868277512006630e-02
6.018799588851776e-02
6.172168130413554e-02
6.328407725389568e-02
6.487542407147176e-02
6.649595634170584e-02
6.814590270686692e-02
6.982548567489608e-02
7.153492142983695e-02
7.327441964464970e-02
7.504418329660578e-02
7.684440848545883e-02
7.867528425458652e-02
8.053699241529554e-02
8.242970737447995e-02
8.435359596582108e-02
8.630881728471379e-02
8.829552252710168e-02
9.031385483240001e-02
9.236394913068167e-02
9.444593199429800e-02
9.655992149410175e-02
9.870602706043564e-02
1.008843493490449e-01
1.030949801120674e-01
1.053380020742508e-01
1.076134888145387e-01
1.099215046531646e-01
1.122621045443859e-01
1.146353339749827e-01
1.170412288686420e-01
1.194798154963416e-01
1.219511103928381e-01
1.244551202793620e-01
1.269918419926108e-01
1.295612624201281e-01
1.321633584421454e-01
1.347980968799612e-01
1.374654344509183e-01
1.401653177300388e-01
1.428976831183636e-01
1.456624568180389e-01
1.484595548141829e-01
1.512888828635579e-01
1.541503364900657e-01
1.570438009870767e-01
1.599691514265928e-01
1.629262526752406e-01
1.659149594170782e-01
1.689351161831957e-01
1.719865573880780e-01
1.750691073726937e-01
1.781825804542632e-01
1.813267809826548e-01
1.845015034033453e-01
1.877065323268801e-01
1.909416426047549e-01
1.942065994116367e-01
1.975011583338351e-01
2.008250654639250e-01
2.041780575014190e-01
2.075598618593775e-01
2.109701967768401e-01
2.144087714369552e-01
2.178752860906782e-01
2.213694321859033e-01
2.248908925018880e-01
2.284393412888238e-01
2.320144444124013e-01
2.356158595032146e-01
2.392432361108418e-01
2.428962158624371e-01
2.465744326256649e-01
2.502775126758007e-01
2.540050748668229e-01
2.577567308063136e-01
2.615320850339838e-01
2.653307352036384e-01
2.691522722683887e-01
2.729962806689226e-01
2.768623385246385e-01
2.807500178274465e-01
2.846588846380416e-01
2.885884992844499e-01
2.925384165626494e-01
2.965081859390660e-01
3.004973517547452e-01
3.045054534310000e-01
3.085320256763357e-01
3.125765986944529e-01
3.166386983931311e-01
3.207178465937952e-01
3.248135612415718e-01
3.289253566156387e-01
3.330527435396782e-01
3.371952295922437e-01
3.413523193168516e-01
3.455235144316153e-01
3.497083140382382e-01
3.539062148301877e-01
3.581167112998747e-01
3.623392959446657e-01
3.665734594715610e-01
3.708186910003720e-01
3.750744782652399e-01
3.793403078143375e-01
3.836156652076031e-01
3.879000352123590e-01
3.921929019966721e-01
3.964937493203182e-01
4.008020607232176e-01
4.051173197112137e-01
4.094390099390712e-01
4.137666153905777e-01
4.180996205556344e-01
4.224375106042305e-01
4.267797715571992e-01
4.311258904536582e-01
4.354753555150458e-01
4.398276563056666e-01
4.441822838896667e-01
4.485387309843658e-01
4.528964921098774e-01
4.572550637349536e-01
4.616139444189978e-01
4.659726349501951e-01
4.703306384797107e-01
4.746874606519197e-01
4.790426097306301e-01
4.833955967212704e-01
4.877459354890170e-01
4.920931428728414e-01
4.964367387954642e-01
5.007762463692047e-01
5.051111919977243e-01
5.094411054736623e-01
5.137655200721704e-01
5.180839726403554e-01
5.223960036826460e-01
5.267011574421006e-01
5.309989819776799e-01
5.352890292375145e-01
5.395708551281940e-01
5.438440195801169e-01
5.481080866089384e-01
5.523626243731604e-01
5.566072052279069e-01
5.608414057749376e-01
5.650648069089501e-01
5.692769938602275e-01
5.734775562336875e-01
5.776660880443990e-01
5.818421877496237e-01
5.860054582774543e-01
5.901555070521136e-01
5.942919460159877e-01
5.984143916484638e-01
6.025224649816481e-01
6.066157916130385e-01
6.106940017152299e-01
6.147567300427306e-01
6.188036159359691e-01
6.228343033225731e-01
6.268484407160013e-01
6.308456812116117e-01
6.348256824802463e-01
6.387881067594215e-01
6.427326208422024e-01
6.466588960638472e-01
6.505666082863075e-01
6.544554378806668e-01
6.583250697076004e-01
6.621751930959437e-01
6.660055018194497e-01
6.698156940718186e-01
6.736054724400837e-01
6.773745438764340e-01
6.811226196685540e-01
6.848494154085627e-01
6.885546509606284e-01
6.922380504273395e-01
6.958993421149072e-01
6.995382584972762e-01
7.031545361792185e-01
7.067479158584824e-01
7.103181422870692e-01
7.138649642317095e-01
7.173881344336046e-01
7.208874095675052e-01
7.243625502001881e-01
7.278133207484003e-01
7.312394894363290e-01
7.346408282526609e-01
7.380171129072891e-01
7.413681227877262e-01
7.446936409152775e-01
7.479934539010301e-01
7.512673519017098e-01
7.545151285754552e-01
7.577365810375593e-01
7.609315098162238e-01
7.640997188083737e-01
7.672410152355713e-01
7.703552096000762e-01
7.734421156410869e-01
7.765015502912038e-01
7.795333336331501e-01
7.825372888567838e-01
7.855132422164340e-01
7.884610229885942e-01
7.913804634299983e-01
7.942713987361110e-01
7.971336670000555e-01
7.999671091720053e-01
8.027715690190611e-01
8.055468930856352e-01
8.082929306543638e-01
8.110095337075632e-01
8.136965568892500e-01
8.163538574677383e-01
8.189812952988288e-01
8.215787327896030e-01
8.241460348628342e-01
8.266830689220237e-01
8.291897048170743e-01
8.316658148106055e-01
8.341112735449204e-01
8.365259580096271e-01
8.389097475099211e-01
8.412625236355313e-01
8.435841702303325e-01
8.458745733626259e-01
8.481336212960878e-01
8.503612044613877e-01
8.525572154284733e-01
8.547215488795218e-01
8.568541015825542e-01
8.589547723657103e-01
8.610234620921795e-01
8.630600736357837e-01
8.650645118572075e-01
8.670366835808678e-01
8.689764975724219e-01
8.708838645169000e-01
8.727586969974617e-01
8.746009094747657e-01
8.764104182669452e-01
8.781871415301818e-01
8.799309992398682e-01
8.816419131723509e-01
8.833198068872455e-01
8.849646057103133e-01
8.865762367168900e-01
8.881546287158589e-01
8.896997122341554e-01
8.912114195017956e-01
8.926896844374178e-01
8.941344426343272e-01
8.955456313470325e-01
8.969231894782663e-01
8.982670575664773e-01
8.995771777737841e-01
9.008534938743818e-01
9.020959512433910e-01
9.033044968461370e-01
9.044790792278528e-01
9.056196485037924e-01
9.067261563497485e-01
9.077985559929612e-01
9.088368022034107e-01
9.098408512854842e-01
9.108106610700076e-01
9.117461909066334e-01
9.126474016565758e-01
9.135142556856838e-01
9.143467168578472e-01
9.151447505287220e-01
9.159083235397734e-01
9.166374042126236e-01
9.173319623437014e-01
9.179919691991829e-01
9.186173975102196e-01
9.192082214684455e-01
9.197644167217576e-01
9.202859603703641e-01
9.207728309630947e-01
9.212250084939667e-01
9.216424743990042e-01
9.220252115533025e-01
9.223732042683371e-01
9.226864382895095e-01
9.229649007939290e-01
9.232085803884261e-01
9.234174671077935e-01
9.235915524132535e-01
9.237308291911491e-01
9.238352917518557e-01
9.239049358289128e-01
9.239397585783738e-01
9.239397585783738e-01
9.239049358289128e-01
9.238352917518557e-01
9.237308291911491e-01
9.235915524132535e-01
9.234174671077935e-01
9.232085803884261e-01
9.229649007939290e-01
9.226864382895095e-01
9.223732042683371e-01
9.220252115533025e-01
9.216424743990042e-01
9.212250084939667e-01
9.207728309630947e-01
9.202859603703641e-01
9.197644167217576e-01
9.192082214684455e-01
9.186173975102196e-01
9.179919691991829e-01
9.173319623437014e-01
9.166374042126236e-01
9.159083235397734e-01
9.151447505287220e-01
9.143467168578472e-01
9.135142556856838e-01
9.126474016565758e-01
9.117461909066334e-01
9.108106610700076e-01
9.098408512854842e-01
9.088368022034107e-01
9.077985559929612e-01
9.067261563497485e-01
9.056196485037924e-01
9.044790792278528e-01
9.033044968461370e-01
9.020959512433910e-01
9.008534938743818e-01
8.995771777737841e-01
8.982670575664773e-01
8.969231894782663e-01
8.955456313470325e-01
8.941344426343272e-01
8.926896844374178e-01
8.912114195017956e-01
8.896997122341554e-01
8.881546287158589e-01
8.865762367168900e-01
8.849646057103133e-01
8.833198068872455e-01
8.816419131723509e-01
8.799309992398682e-01
8.781871415301818e-01
8.764104182669452e-01
8.746009094747657e-01
8.727586969974617e-01
8.708838645169000e-01
8.689764975724219e-01
8.670366835808678e-01
8.650645118572075e-01
8.630600736357837e-01
8.610234620921795e-01
8.589547723657103e-01
8.568541015825542e-01
8.547215488795218e-01
8.525572154284733e-01
8.503612044613877e-01
8.481336212960878e-01
8.458745733626259e-01
8.435841702303325e-01
8.412625236355313e-01
8.389097475099211e-01
8.365259580096271e-01
8.341112735449204e-01
8.316658148106055e-01
8.291897048170743e-01
8.266830689220237e-01
8.241460348628342e-01
8.215787327896030e-01
8.189812952988288e-01
8.163538574677383e-01
8.136965568892500e-01
8.110095337075632e-01
8.082929306543638e-01
8.055468930856352e-01
8.027715690190611e-01
7.999671091720053e-01
7.971336670000556e-01
7.942713987361111e-01
7.913804634299985e-01
7.884610229885943e-01
7.855132422164341e-01
7.825372888567839e-01
7.795333336331502e-01
7.765015502912039e-01
7.734421156410870e-01
7.703552096000763e-01
7.672410152355714e-01
7.640997188083738e-01
7.609315098162239e-01
7.577365810375594e-01
7.545151285754553e-01
7.512673519017099e-01
7.479934539010302e-01
7.446936409152776e-01
7.413681227877263e-01
7.380171129072892e-01
7.346408282526610e-01
7.312394894363291e-01
7.278133207484004e-01
7.243625502001882e-01
7.208874095675053e-01
7.173881344336047e-01
7.138649642317096e-01
7.103181422870694e-01
7.067479158584825e-01
7.031545361792186e-01
6.995382584972764e-01
6.958993421149073e-01
6.922380504273397e-01
6.885546509606285e-01
6.848494154085628e-01
6.811226196685541e-01
6.773745438764341e-01
6.736054724400838e-01
6.698156940718187e-01
6.660055018194498e-01
6.621751930959439e-01
6.583250697076005e-01
6.544554378806670e-01
6.505666082863076e-01
6.466588960638473e-01
6.427326208422025e-01
6.387881067594217e-01
6.348256824802464e-01
6.308456812116118e-01
6.268484407160015e-01
6.228343033225733e-01
6.188036159359693e-01
6.147567300427308e-01
6.106940017152301e-01
6.066157916130387e-01
6.025224649816483e-01
5.984143916484640e-01
5.942919460159879e-01
5.901555070521138e-01
5.860054582774545e-01
5.818421877496239e-01
5.776660880443992e-01
5.734775562336877e-01
5.692769938602277e-01
5.650648069089503e-01
5.608414057749378e-01
5.566072052279071e-01
5.523626243731605e-01
5.481080866089385e-01
5.438440195801170e-01
5.395708551281941e-01
5.352890292375146e-01
5.309989819776800e-01
5.267011574421007e-01
5.223960036826462e-01
5.180839726403556e-01
5.137655200721705e-01
5.094411054736624e-01
5.051111919977244e-01
5.007762463692048e-01
4.964367387954643e-01
4.920931428728415e-01
4.877459354890171e-01
4.833955967212705e-01
4.790426097306301e-01
4.746874606519197e-01
4.703306384797108e-01
4.659726349501952e-01
4.616139444189979e-01
4.572550637349536e-01
4.528964921098775e-01
4.485387309843659e-01
4.441822838896668e-01
4.398276563056667e-01
4.354753555150460e-01
4.311258904536583e-01
4.267797715571993e-01
4.224375106042306e-01
4.180996205556345e-01
4.137666153905778e-01
4.094390099390713e-01
4.051173197112138e-01
4.008020607232177e-01
3.964937493203183e-01
3.921929019966722e-01
3.879000352123591e-01
3.836156652076032e-01
3.793403078143376e-01
3.750744782652400e-01
3.708186910003721e-01
3.665734594715611e-01
3.623392959446659e-01
3.581167112998748e-01
3.539062148301878e-01
3.497083140382382e-01
3.455235144316153e-01
3.413523193168516e-01
3.371952295922437e-01
3.330527435396782e-01
3.289253566156387e-01
3.248135612415718e-01
3.207178465937952e-01
3.166386983931311e-01
3.125765986944529e-01
3.085320256763357e-01
3.045054534310000e-01
3.004973517547452e-01
2.965081859390660e-01
2.925384165626494e-01
2.885884992844499e-01
2.846588846380416e-01
2.807500178274465e-01
2.768623385246385e-01
2.729962806689226e-01
2.691522722683887e-01
2.653307352036384e-01
2.615320850339837e-01
2.577567308063135e-01
2.540050748668228e-01
2.502775126758006e-01
2.465744326256648e-01
2.428962158624371e-01
2.392432361108418e-01
2.356158595032146e-01
2.320144444124013e-01
2.284393412888238e-01
2.248908925018880e-01
2.213694321859033e-01
2.178752860906782e-01
2.144087714369552e-01
2.109701967768401e-01
2.075598618593776e-01
2.041780575014190e-01
2.008250654639250e-01
1.975011583338351e-01
1.942065994116368e-01
1.909416426047549e-01
1.877065323268802e-01
1.845015034033454e-01
1.813267809826549e-01
1.781825804542633e-01
1.750691073726937e-01
1.719865573880781e-01
1.689351161831958e-01
1.659149594170783e-01
1.629262526752407e-01
1.599691514265929e-01
1.570438009870768e-01
1.541503364900658e-01
1.512888828635580e-01
1.484595548141829e-01
1.456624568180389e-01
1.428976831183636e-01
1.401653177300389e-01
1.374654344509184e-01
1.347980968799612e-01
1.321633584421455e-01
1.295612624201281e-01
1.269918419926109e-01
1.244551202793620e-01
1.219511103928382e-01
1.194798154963417e-01
1.170412288686421e-01
1.146353339749827e-01
1.122621045443860e-01
1.099215046531647e-01
1.076134888145387e-01
1.053380020742509e-01
1.030949801120675e-01
1.008843493490449e-01
9.870602706043567e-02
9.655992149410178e-02
9.444593199429803e-02
9.236394913068170e-02
9.031385483240004e-02
8.829552252710170e-02
8.630881728471380e-02
8.435359596582109e-02
8.242970737447997e-02
8.053699241529555e-02
7.867528425458653e-02
7.684440848545884e-02
7.504418329660580e-02
7.327441964464972e-02
7.153492142983696e-02
6.982548567489609e-02
6.814590270686693e-02
6.649595634170585e-02
6.487542407147177e-02
6.328407725389569e-02
6.172168130413555e-02
6.018799588851777e-02
5.868277512006632e-02
5.720576775561982e-02
5.575671739433788e-02
5.433536267739755e-02
5.294143748868232e-02
5.157467115626628e-02
5.023478865449809e-02
4.892151080649008e-02
4.763455448682041e-02
4.637363282425754e-02
4.513845540431898e-02
4.392872847147854e-02
4.274415513083916e-02
4.158443554909124e-02
4.044926715457973e-02
3.933834483630635e-02
3.825136114169718e-02
3.718800647296944e-02
3.614796928193519e-02
3.513093626308404e-02
3.413659254479093e-02
3.316462187849979e-02
3.221470682573808e-02
3.128652894282257e-02
3.037976896312072e-02
2.949410697673767e-02
2.862922260750377e-02
2.778479518714232e-02
2.696050392650312e-02
2.615602808375221e-02
2.537104712941372e-02
2.460524090816546e-02
2.385828979729489e-02
2.312987486172820e-02
2.241967800555012e-02
2.172738211993847e-02
2.105267122744219e-02
2.039523062253783e-02
1.975474700840479e-02
1.913090862986494e-02
1.852340540243832e-02
1.793192903747148e-02
1.735617316330092e-02
1.679583344241923e-02
1.625060768461702e-02
1.572019595607877e-02
1.520430068441615e-02
1.470262675962731e-02
1.421488163097564e-02
1.374077539978649e-02
1.328002090816518e-02
1.283233382364410e-02
1.239743271977162e-02
1.197503915265976e-02
1.156487773351194e-02
1.116667619715658e-02
1.078016546661594e-02
1.040507971374421e-02
1.004115641597192e-02
9.688136409198108e-03
9.345763936874687e-03
9.013786695331157e-03
8.691955875390895e-03
8.380026200333396e-03
8.077755960259730e-03
7.784907042921290e-03
7.501244961074511e-03
7.226538876426742e-03
6.960561620240710e-03
6.703089710667242e-03
6.453903366877876e-03
6.212786520070866e-03
5.979526821425776e-03
5.753915647083417e-03
5.535748100229292e-03
5.324823010359938e-03
5.120942929812708e-03
4.923914127640447e-03
4.733546580913388e-03
4.549653963531246e-03
4.372053632629053e-03
4.200566612660684e-03
4.035017577244310e-03
3.875234828854183e-03
3.721050276443180e-03
3.572299411080454e-03
3.428821279688335e-03
3.290458456962340e-03
3.157057015557667e-03
3.028466494625103e-03
2.904539866778574e-03
2.785133503575903e-03
2.670107139593484e-03
2.559323835174708e-03
2.452649937930966e-03
2.349955043073011e-03
2.251111952649300e-03
2.155996633766738e-03
2.064488175867965e-03
1.976468747137976e-03
1.891823550111479e-03
1.810440776550939e-03
1.732211561663738e-03
1.657029937725357e-03
1.584792787173877e-03
1.515399795239470e-03
1.448753402170904e-03
1.384758755119374e-03
1.323323659738269e-03
1.264358531555738e-03
1.207776347175165e-03
1.153492595356888e-03
1.101425228032707e-03
1.051494611302939e-03
1.003623476463993e-03
9.577368711125973e-04
9.137621103710722e-04
8.716287282761885e-04
8.312684293724073e-04
7.926150405484972e-04
7.556044631547651e-04
7.201746254363871e-04
6.862654353165891e-04
6.538187335617140e-04
6.227782473585173e-04
5.930895443323648e-04
5.646999870333568e-04
5.375586879157900e-04
5.116164648347729e-04
4.868257970822559e-04
4.631407819832043e-04
4.405170920711508e-04
4.189119328608969e-04
3.982840012347115e-04
3.785934444569791e-04
3.598018198308985e-04
3.418720550095137e-04
3.247684089720832e-04
3.084564336755494e-04
2.929029363896736e-04
2.780759427232368e-04
2.639446603475885e-04
2.504794434227415e-04
2.376517577301714e-04
2.254341465154769e-04
2.138001970430984e-04
2.027245078643694e-04
1.921826567992962e-04
1.821511696316186e-04
1.726074895159060e-04
1.635299470946762e-04
1.548977313228044e-04
1.466908609958018e-04
1.388901569778973e-04
1.314772151252429e-04
1.244343798989909e-04
1.177447186624539e-04
1.113919966560517e-04
1.053606526432869e-04
9.963577522055244e-05
9.420307978317492e-05
8.904888613972957e-05
8.416009676632520e-05
7.952417569225169e-05
7.512912800810691e-05
7.096347998727314e-05
6.701625981139490e-05
6.327697889031930e-05
5.973561376679644e-05
5.638258859609893e-05
5.320875819060671e-05
5.020539161931471e-05
4.736415635215508e-05
4.467710293898296e-05
4.213665021305333e-05
3.973557100881615e-05
3.746697838387645e-05
3.532431233500488e-05
3.330132699814169e-05
3.139207832241176e-05
2.959091220826035e-05
2.789245309992730e-05
2.629159302260059e-05
2.478348105472860e-05
2.336351322612246e-05
2.202732283264529e-05
2.077077115846337e-05
1.958993859702449e-05
1.848111616213025e-05
1.744079738068134e-05
1.646567055889766e-05
1.555261141404694e-05
1.469867606395731e-05
1.390109436683839e-05
1.315726360419417e-05
1.246474249987560e-05
1.182124556859366e-05
1.122463778749287e-05
1.067292958467002e-05
1.016427213881451e-05
9.696952984442373e-06
9.269391917497960e-06
8.880137196402789e-06
8.527862033941240e-06
8.211361375686812e-06
7.929548960990103e-06
7.681454662870410e-06
7.466222103476510e-06
7.283106542108345e-06
7.131473033119973e-06
7.010794851354689e-06
6.920652183095581e-06
6.860731080848664e-06
6.830822680610812e-06
