6.336505529446335e-006
6.447163669629363e-006
6.700328556802909e-006
7.038951116366798e-006
7.560200079773562e-006
8.147017782472384e-006
8.966814844793503e-006
9.836506408472396e-006
1.100212514128273e-005
1.220528118818815e-005
1.378273517686570e-005
1.538795273869009e-005
1.746463137074907e-005
1.956128340321307e-005
2.224934488438243e-005
2.495108096515052e-005
2.839166599577113e-005
3.184071135286081e-005
3.620905134543872e-005
4.058138128380294e-005
4.609288404719354e-005
5.160435939239761e-005
5.852176247587543e-005
6.543531846702266e-005
7.407700542495140e-005
8.271099114313435e-005
9.346056837728152e-005
1.041983358207614e-004
1.175155668711609e-004
1.308164076724113e-004
1.472495973183124e-004
1.636611202990154e-004
1.838610320443582e-004
2.040330657662033e-004
2.287684426712462e-004
2.534685333130866e-004
2.836432731786268e-004
3.137738289356666e-004
3.504458400924259e-004
3.870629483926080e-004
4.314646814324147e-004
4.757985942342074e-004
5.293592077064437e-004
5.828364527444552e-004
6.472055270607670e-004
7.114725590701198e-004
7.885452227444354e-004
8.654934785528267e-004
9.574367548211399e-004
1.049228920117477e-003
1.158509040569802e-003
1.267606274777182e-003
1.397016640823473e-003
1.526206440752744e-003
1.678895844777169e-003
1.831320158856813e-003
2.010820806349713e-003
2.190003940777049e-003
2.400258744441989e-003
2.610134532449512e-003
2.855523081425663e-003
3.100460719165169e-003
3.385823263499510e-003
3.670651153230224e-003
4.001309888198119e-003
4.331336774139242e-003
4.713113663696871e-003
5.094146300817566e-003
5.533376647173322e-003
5.971733211137972e-003
6.475274160897554e-003
6.977792591101612e-003
7.553025770254396e-003
8.127066239951880e-003
8.781893732422387e-003
9.435334462651910e-003
1.017816739213186e-002
1.091939307137910e-002
1.175913211504780e-002
1.259701425569623e-002
1.354302151195439e-002
1.448689016828966e-002
1.554895191875788e-002
1.660855830958040e-002
1.779683835751240e-002
1.898230807843318e-002
2.030729150965124e-002
2.162906818417787e-002
2.310149558004421e-002
2.457027498198829e-002
2.620106731327814e-002
2.782772219232678e-002
2.962789683382726e-002
3.142339288697306e-002
3.340397141010216e-002
3.537927505892273e-002
3.755118367792464e-002
3.971716252972193e-002
4.209112628986204e-002
4.445844337322852e-002
4.704487537042708e-002
4.962387843644525e-002
5.243276554043968e-002
5.523337290293669e-002
5.827415961401968e-002
6.130574415976496e-002
6.458721635650100e-002
6.785848948305612e-002
7.138865990989042e-002
7.490755723976167e-002
7.869355463474950e-002
8.246712540521609e-002
8.651508917595585e-002
9.054939121120016e-002
9.486437352944807e-002
9.916437566341307e-002
1.037502527651699e-001
1.083197464993041e-001
1.131791408482329e-001
1.180206628988076e-001
1.231548776989707e-001
1.282696449162887e-001
1.336786122491246e-001
1.390664701794347e-001
1.447487137946960e-001
1.504080999100689e-001
1.563607134273675e-001
1.622886357754250e-001
1.685072767592863e-001
1.746993084907489e-001
1.811782085556213e-001
1.876284984810785e-001
1.943604892719661e-001
2.010617882884994e-001
2.080383428763290e-001
2.149820457981614e-001
2.221933347350705e-001
2.293695367686781e-001
2.368044977750516e-001
2.442020646061017e-001
2.518484846156345e-001
2.594551348299262e-001
2.672997429074899e-001
2.751021412570117e-001
2.831307107317533e-001
2.911145705851152e-001
2.993120286117476e-001
3.074622217993272e-001
3.158127644763236e-001
3.241134366567917e-001
3.326006477920110e-001
3.410353374293152e-001
3.496423090508547e-001
3.581940680986130e-001
3.669035208594285e-001
3.755550353010199e-001
3.843494370168160e-001
3.930831455009872e-001
4.019448261877239e-001
4.107430351269134e-001
4.196542970617672e-001
4.284992907183278e-001
4.374425122301869e-001
4.463166564983701e-001
4.552743883946112e-001
4.641602271872165e-001
4.731152809360988e-001
4.819956242975947e-001
4.909311513036543e-001
4.997891545898682e-001
5.086887161170305e-001
5.175079497990109e-001
5.263555773070225e-001
5.351200871676698e-001
5.439003330268013e-001
5.525946907182548e-001
5.612926694506859e-001
5.699020135638990e-001
5.785034339242730e-001
5.870135018862048e-001
5.955046902358996e-001
6.039018414916958e-001
6.122697570396911e-001
6.205409880953927e-001
6.287732306723717e-001
6.369061826672557e-001
6.449909937687399e-001
6.529739533153341e-001
6.609002111949318e-001
6.687221052697827e-001
6.764793148863839e-001
6.841297005771669e-001
6.917079792020382e-001
6.991770291184597e-001
7.065670883919637e-001
7.138455725314247e-001
7.210386977270902e-001
7.281179625538383e-001
7.351059897624783e-001
7.419779352137153e-001
7.487532271050281e-001
7.554102821819578e-001
7.619657029382937e-001
7.684008004771487e-001
7.747296904265029e-001
7.809362415767873e-001
7.870323919820048e-001
7.930042608489594e-001
7.988618892397607e-001
8.045933680775501e-001
8.102070944431991e-001
8.156928797164167e-001
8.210577038111856e-001
8.262928733765196e-001
8.314041533288341e-001
8.363841449273948e-001
8.412375772875689e-001
8.459581684823530e-001
8.505497697938107e-001
8.550070594367316e-001
8.593331493719176e-001
8.635235406411115e-001
8.675807267060491e-001
8.715009117169246e-001
8.752860754975298e-001
8.789330214601756e-001
8.824433063587366e-001
8.858142432296161e-001
8.890470436209399e-001
8.921394531779154e-001
8.950924049010731e-001
8.979040111572564e-001
9.005749832501149e-001
9.031037441133216e-001
9.054908316925747e-001
9.077349317727208e-001
9.098364499613869e-001
9.117942944274450e-001
9.136087732342291e-001
9.152789826248298e-001
9.168051626848576e-001
9.181865685817537e-001
9.194233976754900e-001
9.205150391564378e-001
9.214616694326884e-001
9.222627902294115e-001
9.229185760688000e-001
9.234286223662144e-001
9.237931188331020e-001
9.240117376575751e-001
9.240846995007661e-001
9.240117376575749e-001
9.237931188331019e-001
9.234286223662140e-001
9.229185760687997e-001
9.222627902294112e-001
9.214616694326879e-001
9.205150391564374e-001
9.194233976754895e-001
9.181865685817531e-001
9.168051626848570e-001
9.152789826248289e-001
9.136087732342284e-001
9.117942944274440e-001
9.098364499613862e-001
9.077349317727197e-001
9.054908316925741e-001
9.031037441133203e-001
9.005749832501140e-001
8.979040111572549e-001
8.950924049010720e-001
8.921394531779139e-001
8.890470436209388e-001
8.858142432296146e-001
8.824433063587354e-001
8.789330214601738e-001
8.752860754975282e-001
8.715009117169228e-001
8.675807267060474e-001
8.635235406411096e-001
8.593331493719159e-001
8.550070594367296e-001
8.505497697938088e-001
8.459581684823510e-001
8.412375772875669e-001
8.363841449273928e-001
8.314041533288321e-001
8.262928733765174e-001
8.210577038111835e-001
8.156928797164142e-001
8.102070944431968e-001
8.045933680775477e-001
7.988618892397583e-001
7.930042608489567e-001
7.870323919820023e-001
7.809362415767847e-001
7.747296904265003e-001
7.684008004771460e-001
7.619657029382909e-001
7.554102821819552e-001
7.487532271050252e-001
7.419779352137126e-001
7.351059897624754e-001
7.281179625538357e-001
7.210386977270873e-001
7.138455725314220e-001
7.065670883919608e-001
6.991770291184570e-001
6.917079792020351e-001
6.841297005771643e-001
6.764793148863807e-001
6.687221052697799e-001
6.609002111949285e-001
6.529739533153314e-001
6.449909937687364e-001
6.369061826672530e-001
6.287732306723681e-001
6.205409880953898e-001
6.122697570396876e-001
6.039018414916928e-001
5.955046902358958e-001
5.870135018862016e-001
5.785034339242692e-001
5.699020135638957e-001
5.612926694506821e-001
5.525946907182515e-001
5.439003330267975e-001
5.351200871676662e-001
5.263555773070188e-001
5.175079497990072e-001
5.086887161170266e-001
4.997891545898645e-001
4.909311513036504e-001
4.819956242975909e-001
4.731152809360949e-001
4.641602271872127e-001
4.552743883946073e-001
4.463166564983663e-001
4.374425122301830e-001
4.284992907183240e-001
4.196542970617634e-001
4.107430351269095e-001
4.019448261877202e-001
3.930831455009833e-001
3.843494370168122e-001
3.755550353010161e-001
3.669035208594248e-001
3.581940680986092e-001
3.496423090508510e-001
3.410353374293114e-001
3.326006477920074e-001
3.241134366567879e-001
3.158127644763200e-001
3.074622217993236e-001
2.993120286117440e-001
2.911145705851117e-001
2.831307107317498e-001
2.751021412570082e-001
2.672997429074865e-001
2.594551348299228e-001
2.518484846156311e-001
2.442020646060984e-001
2.368044977750484e-001
2.293695367686748e-001
2.221933347350673e-001
2.149820457981583e-001
2.080383428763259e-001
2.010617882884964e-001
1.943604892719631e-001
1.876284984810756e-001
1.811782085556185e-001
1.746993084907461e-001
1.685072767592835e-001
1.622886357754225e-001
1.563607134273649e-001
1.504080999100665e-001
1.447487137946937e-001
1.390664701794326e-001
1.336786122491225e-001
1.282696449162868e-001
1.231548776989690e-001
1.180206628988060e-001
1.131791408482315e-001
1.083197464993031e-001
1.037502527651691e-001
9.916437566341282e-002
9.486437352944822e-002
9.054939121120106e-002
8.651508917595743e-002
8.246712540521881e-002
7.869355463475329e-002
7.490755723976725e-002
7.138865990989768e-002
6.785848948306615e-002
6.458721635651372e-002
6.130574415978205e-002
5.827415961404105e-002
5.523337290296493e-002
5.243276554047467e-002
4.962387843649103e-002
4.704487537048352e-002
4.445844337330183e-002
4.209112628995214e-002
3.971716252983836e-002
3.755118367806731e-002
3.537927505910639e-002
3.340397141032671e-002
3.142339288726114e-002
2.962789683417879e-002
2.782772219277644e-002
2.620106731382581e-002
2.457027498268693e-002
2.310149558089365e-002
2.162906818525862e-002
2.030729151096306e-002
1.898230808009793e-002
1.779683835952973e-002
1.660855831213400e-002
1.554895192184727e-002
1.448689017219053e-002
1.354302151666608e-002
1.259701426163080e-002
1.175913212220426e-002
1.091939308037076e-002
1.017816740295727e-002
9.435334476220067e-003
8.781893748731125e-003
8.127066260342762e-003
7.553025794724178e-003
6.977792621621887e-003
6.475274197463480e-003
5.971733256634785e-003
5.533376701593819e-003
5.094146368366137e-003
4.713113744362835e-003
4.331336874023350e-003
4.001310007284583e-003
3.670651300334033e-003
3.385823438597423e-003
3.100460934940092e-003
2.855523337843512e-003
2.610134847681108e-003
2.400259118437543e-003
2.190004399459795e-003
2.010821349647211e-003
1.831320823595769e-003
1.678896630852606e-003
1.526207400259620e-003
1.397017773610264e-003
1.267607654225571e-003
1.158510666461952e-003
1.049230895382632e-003
9.574390791473776e-004
8.654962957037429e-004
7.885485322751657e-004
7.114765609290829e-004
6.472102206160195e-004
5.828421149104959e-004
5.293658375891484e-004
4.758065737178763e-004
4.314740092569931e-004
3.870741489741081e-004
3.504589116621443e-004
3.137894885902289e-004
2.836615184451906e-004
2.534903406112725e-004
2.287938085574280e-004
2.040633141300947e-004
1.838961581093912e-004
1.637029114700397e-004
1.472980469960171e-004
1.308739188309799e-004
1.175821304289143e-004
1.042771686177693e-004
9.355165796493106e-005
8.281862560334557e-005
7.420116776099493e-005
6.558170046883042e-005
5.869034102803213e-005
5.180265740168225e-005
4.632087020005147e-005
4.084895642512638e-005
3.651617322201083e-005
3.220035495998973e-005
2.880377454156202e-005
2.543258570003623e-005
2.280016977318343e-005
2.020342811241120e-005
1.819799449825067e-005
1.624099767516951e-005
1.475532721663859e-005
1.333408930341633e-005
1.228697108007919e-005
1.132442833351561e-005
1.065757779596294e-005
1.010070305119100e-005
9.776499156489565e-006
9.594276268110416e-006
9.594276268110416e-006
6.305613086420427e-006
