6.553911496790534e-06
6.674393216933735e-06
6.917123494807222e-06
7.285654613805129e-06
7.785361622326784e-06
8.423498569178522e-06
9.209273962284493e-06
1.015394585879677e-05
1.127093709446142e-05
1.257597125829979e-05
1.408723011493115e-05
1.582553327079174e-05
1.781454097165682e-05
2.008098100677045e-05
2.265490077900955e-05
2.556994568028997e-05
2.886366498624585e-05
3.257784655341557e-05
3.675888166503143e-05
4.145816142726744e-05
4.673250616563188e-05
5.264462931022937e-05
5.926363728794543e-05
6.666556695826313e-05
7.493396213640842e-05
8.416049074180039e-05
9.444560409029421e-05
1.058992398143625e-04
1.186415698450715e-04
1.328037948223706e-04
1.485289862147446e-04
1.659729773246012e-04
1.853053042308563e-04
2.067101975740465e-04
2.303876259210186e-04
2.565543912549796e-04
2.854452769216955e-04
3.173142481232536e-04
3.524357047865771e-04
3.911057863444183e-04
4.336437276517072e-04
4.803932649198699e-04
5.317240901862891e-04
5.880333524458656e-04
6.497472031573494e-04
7.173223833996403e-04
7.912478494938339e-04
8.720464334268693e-04
9.602765339139975e-04
1.056533833422024e-03
1.161453035945756e-03
1.275709619789008e-03
1.400021599051943e-03
1.535151286971707e-03
1.681907053706987e-03
1.841145070603138e-03
2.013771032427177e-03
2.200741848525664e-03
2.403067293338106e-03
2.621811606198870e-03
2.858095029886965e-03
3.113095276940694e-03
3.388048912348494e-03
3.684252640863882e-03
4.003064486876773e-03
4.345904854511118e-03
4.714257455415257e-03
5.109670091571976e-03
5.533755280385119e-03
5.988190709303724e-03
6.474719507327543e-03
6.995150320903880e-03
7.551357181978635e-03
8.145279156307717e-03
8.778919760571369e-03
9.454346137365652e-03
1.017368797777388e-02
1.093913618194715e-02
1.175294124894704e-02
1.261741138802506e-02
1.353491034452986e-02
1.450785493474338e-02
1.553871228514704e-02
1.662999677290455e-02
1.778426666571428e-02
1.900412046062519e-02
2.029219292291918e-02
2.165115082773169e-02
2.308368840870329e-02
2.459252251961770e-02
2.618038751667718e-02
2.785002987078300e-02
2.960420252091550e-02
3.144565898143410e-02
3.337714721782854e-02
3.540140330713808e-02
3.752114490090094e-02
3.973906451008916e-02
4.205782263301275e-02
4.448004074862632e-02
4.700829419903037e-02
4.964510498621592e-02
5.239293450924146e-02
5.525417626904648e-02
5.823114856898391e-02
6.132608723988574e-02
6.454113841905272e-02
6.787835141297303e-02
7.133967167381951e-02
7.492693391984460e-02
7.864185542968345e-02
8.248602954028454e-02
8.646091937771440e-02
9.056785184942644e-02
9.480801192574635e-02
9.918243723731196e-02
1.036920130140156e-01
1.083374673896411e-01
1.131193670948718e-01
1.180381135596752e-01
1.230939394442654e-01
1.282869056159006e-01
1.336168985867195e-01
1.390836284256585e-01
1.446866271552420e-01
1.504252476417120e-01
1.562986629845811e-01
1.623058664092682e-01
1.684456716640214e-01
1.747167139198780e-01
1.811174511699557e-01
1.876461661219470e-01
1.943009685753033e-01
2.010797982722716e-01
2.079804282096955e-01
2.150004683963322e-01
2.221373700383818e-01
2.293884301339823e-01
2.367507964556204e-01
2.442214728977346e-01
2.517973251652748e-01
2.594750867776240e-01
2.672513653611007e-01
2.751226492022425e-01
2.830853140332375e-01
2.911356300202120e-01
2.992697689246100e-01
3.074838114076101e-01
3.157737544474157e-01
3.241355188393255e-01
3.325649567487342e-01
3.410578592876304e-01
3.496099640857310e-01
3.582169628281293e-01
3.668745087322062e-01
3.755782239375752e-01
3.843237067839660e-01
3.931065389532163e-01
4.019222924528906e-01
4.107665364205044e-01
4.196348437288541e-01
4.285227973745486e-01
4.374259966334840e-01
4.463400629686897e-01
4.552606456776830e-01
4.641834272681975e-01
4.731041285528764e-01
4.820185134552397e-01
4.909223935209290e-01
4.998116321298982e-01
5.086821484068376e-01
5.175299208286902e-01
5.263509905296259e-01
5.351414643052831e-01
5.438975173194524e-01
5.526153955176620e-01
5.612914177533284e-01
5.699219776332400e-01
5.785035450901667e-01
5.870326676913004e-01
5.955059716920664e-01
6.039201628455610e-01
6.122720269785101e-01
6.205584303451677e-01
6.287763197710156e-01
6.369227225984642e-01
6.449947464470123e-01
6.529895788004872e-01
6.609044864340712e-01
6.687368146938231e-01
6.764839866413375e-01
6.841435020760417e-01
6.917129364474278e-01
6.991899396692585e-01
7.065722348474649e-01
7.138576169330980e-01
7.210439513112833e-01
7.281291723366917e-01
7.351112818255644e-01
7.419883475138294e-01
7.487585014903297e-01
7.554199386136465e-01
7.619709149204511e-01
7.684097460327713e-01
7.747348055709986e-01
7.809445235789063e-01
7.870373849664063e-01
7.930119279752246e-01
7.988667426721506e-01
8.046004694740017e-01
8.102117977079403e-01
8.156994642103116e-01
8.210622519667004e-01
8.262989887954764e-01
8.314085460766816e-01
8.363898375277211e-01
8.412418180269601e-01
8.459634824859831e-01
8.505538647709634e-01
8.550120366732995e-01
8.593371069294116e-01
8.635282202893538e-01
8.675845566336846e-01
8.715053301378453e-01
8.752897884831312e-01
8.789372121131951e-01
8.824469135348975e-01
8.858182366622165e-01
8.890505562018455e-01
8.921432770790395e-01
8.950958339022247e-01
8.979076904648512e-01
9.005783392829512e-01
9.031073011668626e-01
9.054941248255834e-01
9.077383865022481e-01
9.098396896392408e-01
9.117976645715106e-01
9.136119682466959e-01
9.152822839707276e-01
9.168083211776447e-01
9.181898152224263e-01
9.194265271957244e-01
9.205182437594602e-01
9.214647770023368e-01
9.222659643144080e-01
9.229216682799427e-01
9.234317765879129e-01
9.237962019595393e-01
9.240148820924261e-01
9.240877796209194e-01
9.240148820924260e-01
9.237962019595390e-01
9.234317765879126e-01
9.229216682799425e-01
9.222659643144078e-01
9.214647770023364e-01
9.205182437594599e-01
9.194265271957238e-01
9.181898152224256e-01
9.168083211776440e-01
9.152822839707270e-01
9.136119682466951e-01
9.117976645715098e-01
9.098396896392400e-01
9.077383865022473e-01
9.054941248255826e-01
9.031073011668616e-01
9.005783392829502e-01
8.979076904648501e-01
8.950958339022235e-01
8.921432770790381e-01
8.890505562018440e-01
8.858182366622148e-01
8.824469135348957e-01
8.789372121131933e-01
8.752897884831294e-01
8.715053301378435e-01
8.675845566336827e-01
8.635282202893519e-01
8.593371069294097e-01
8.550120366732976e-01
8.505538647709614e-01
8.459634824859810e-01
8.412418180269580e-01
8.363898375277188e-01
8.314085460766791e-01
8.262989887954740e-01
8.210622519666979e-01
8.156994642103090e-01
8.102117977079376e-01
8.046004694739990e-01
7.988667426721480e-01
7.930119279752219e-01
7.870373849664036e-01
7.809445235789035e-01
7.747348055709957e-01
7.684097460327685e-01
7.619709149204481e-01
7.554199386136435e-01
7.487585014903266e-01
7.419883475138263e-01
7.351112818255613e-01
7.281291723366886e-01
7.210439513112802e-01
7.138576169330948e-01
7.065722348474617e-01
6.991899396692552e-01
6.917129364474246e-01
6.841435020760384e-01
6.764839866413341e-01
6.687368146938196e-01
6.609044864340677e-01
6.529895788004838e-01
6.449947464470088e-01
6.369227225984607e-01
6.287763197710121e-01
6.205584303451642e-01
6.122720269785066e-01
6.039201628455575e-01
5.955059716920628e-01
5.870326676912968e-01
5.785035450901630e-01
5.699219776332364e-01
5.612914177533247e-01
5.526153955176584e-01
5.438975173194486e-01
5.351414643052793e-01
5.263509905296221e-01
5.175299208286863e-01
5.086821484068338e-01
4.998116321298943e-01
4.909223935209251e-01
4.820185134552358e-01
4.731041285528725e-01
4.641834272681936e-01
4.552606456776790e-01
4.463400629686858e-01
4.374259966334801e-01
4.285227973745447e-01
4.196348437288502e-01
4.107665364205004e-01
4.019222924528866e-01
3.931065389532124e-01
3.843237067839622e-01
3.755782239375713e-01
3.668745087322025e-01
3.582169628281255e-01
3.496099640857273e-01
3.410578592876266e-01
3.325649567487305e-01
3.241355188393217e-01
3.157737544474120e-01
3.074838114076064e-01
2.992697689246064e-01
2.911356300202084e-01
2.830853140332339e-01
2.751226492022390e-01
2.672513653610972e-01
2.594750867776205e-01
2.517973251652713e-01
2.442214728977313e-01
2.367507964556171e-01
2.293884301339791e-01
2.221373700383786e-01
2.150004683963290e-01
2.079804282096923e-01
2.010797982722685e-01
1.943009685753002e-01
1.876461661219439e-01
1.811174511699526e-01
1.747167139198750e-01
1.684456716640184e-01
1.623058664092652e-01
1.562986629845781e-01
1.504252476417089e-01
1.446866271552390e-01
1.390836284256554e-01
1.336168985867162e-01
1.282869056158972e-01
1.230939394442618e-01
1.180381135596712e-01
1.131193670948674e-01
1.083374673896361e-01
1.036920130140098e-01
9.918243723730527e-02
9.480801192573844e-02
9.056785184941696e-02
8.646091937770294e-02
8.248602954027054e-02
7.864185542966623e-02
7.492693391982330e-02
7.133967167379303e-02
6.787835141294003e-02
6.454113841901150e-02
6.132608723983419e-02
5.823114856891937e-02
5.525417626896562e-02
5.239293450914015e-02
4.964510498608898e-02
4.700829419887135e-02
4.448004074842721e-02
4.205782263276359e-02
3.973906450977753e-02
3.752114490051148e-02
3.540140330665172e-02
3.337714721722163e-02
3.144565898067741e-02
2.960420251997287e-02
2.785002986960975e-02
2.618038751521821e-02
2.459252251780504e-02
2.308368840645325e-02
2.165115082494129e-02
2.029219291946181e-02
1.900412045634538e-02
1.778426666042129e-02
1.662999676636459e-02
1.553871227707383e-02
1.450785492478672e-02
1.353491033226176e-02
1.261741137292298e-02
1.175294123037361e-02
1.093913615912573e-02
1.017368794975902e-02
9.454346103007492e-03
8.778919718472861e-03
8.145279104773112e-03
7.551357118951632e-03
6.995150243893393e-03
6.474719413318709e-03
5.988190594651333e-03
5.533755140686119e-03
5.109669921513103e-03
4.714257248591129e-03
4.345904603207283e-03
4.003064181811245e-03
3.684252270879522e-03
3.388048464047280e-03
3.113094734249352e-03
2.858094373541612e-03
2.621810813134213e-03
2.403066335964263e-03
2.200740693872837e-03
2.013769641135082e-03
1.841143395728254e-03
1.681905039316268e-03
1.535148866486252e-03
1.400018693298217e-03
1.275706134708379e-03
1.161448859905266e-03
1.056528834060295e-03
9.602705544458033e-04
8.720392883180192e-04
7.912393194044181e-04
7.173122092781079e-04
6.497350793501130e-04
5.880189186668281e-04
5.317069221675724e-04
4.803728635387063e-04
4.336195062985464e-04
3.910770562633554e-04
3.524016580807191e-04
3.172739380740741e-04
2.853975952221634e-04
2.564980417006265e-04
2.303210940403863e-04
2.066317156093295e-04
1.852128108001201e-04
1.658640710077615e-04
1.484008722054482e-04
1.326532236758818e-04
1.184647672269659e-04
1.056918260148869e-04
9.420250191318471e-05
8.387582020254802e-05
7.460092021167923e-05
6.627629041355883e-05
5.880904637261044e-05
5.211424984542930e-05
4.611426725964107e-05
4.073816573086558e-05
3.592114472541630e-05
3.160400143503740e-05
2.773262789844601e-05
2.425753788152201e-05
2.113342151251930e-05
1.831872565955698e-05
1.577525803383169e-05
1.346781300247614e-05
1.136381709883888e-05
9.432992224306565e-06
7.647034543833692e-06
5.979307086357999e-06
4.404544070611837e-06
2.898564985916075e-06
1.437996465868602e-06
0.000000000000000e+00
0.000000000000000e+00
0.000000000000000e+00
