6.336505529446333e-06
6.447163669629361e-06
6.700328556802907e-06
7.038951116366793e-06
7.560200079773561e-06
8.147017782472379e-06
8.966814844793502e-06
9.836506408472387e-06
1.100212514128273e-05
1.220528118818814e-05
1.378273517686570e-05
1.538795273869008e-05
1.746463137074907e-05
1.956128340321305e-05
2.224934488438243e-05
2.495108096515049e-05
2.839166599577113e-05
3.184071135286078e-05
3.620905134543872e-05
4.058138128380290e-05
4.609288404719354e-05
5.160435939239757e-05
5.852176247587544e-05
6.543531846702261e-05
7.407700542495140e-05
8.271099114313428e-05
9.346056837728152e-05
1.041983358207613e-04
1.175155668711609e-04
1.308164076724112e-04
1.472495973183124e-04
1.636611202990153e-04
1.838610320443581e-04
2.040330657662032e-04
2.287684426712461e-04
2.534685333130865e-04
2.836432731786267e-04
3.137738289356665e-04
3.504458400924258e-04
3.870629483926079e-04
4.314646814324147e-04
4.757985942342072e-04
5.293592077064437e-04
5.828364527444550e-04
6.472055270607669e-04
7.114725590701195e-04
7.885452227444353e-04
8.654934785528262e-04
9.574367548211399e-04
1.049228920117476e-03
1.158509040569801e-03
1.267606274777181e-03
1.397016640823473e-03
1.526206440752743e-03
1.678895844777169e-03
1.831320158856813e-03
2.010820806349713e-03
2.190003940777049e-03
2.400258744441989e-03
2.610134532449512e-03
2.855523081425663e-03
3.100460719165169e-03
3.385823263499510e-03
3.670651153230224e-03
4.001309888198119e-03
4.331336774139242e-03
4.713113663696871e-03
5.094146300817566e-03
5.533376647173322e-03
5.971733211137972e-03
6.475274160897554e-03
6.977792591101612e-03
7.553025770254396e-03
8.127066239951880e-03
8.781893732422387e-03
9.435334462651910e-03
1.017816739213186e-02
1.091939307137910e-02
1.175913211504780e-02
1.259701425569623e-02
1.354302151195439e-02
1.448689016828966e-02
1.554895191875788e-02
1.660855830958040e-02
1.779683835751240e-02
1.898230807843318e-02
2.030729150965124e-02
2.162906818417787e-02
2.310149558004421e-02
2.457027498198829e-02
2.620106731327815e-02
2.782772219232677e-02
2.962789683382727e-02
3.142339288697305e-02
3.340397141010217e-02
3.537927505892272e-02
3.755118367792465e-02
3.971716252972192e-02
4.209112628986204e-02
4.445844337322850e-02
4.704487537042706e-02
4.962387843644524e-02
5.243276554043966e-02
5.523337290293668e-02
5.827415961401965e-02
6.130574415976495e-02
6.458721635650097e-02
6.785848948305610e-02
7.138865990989041e-02
7.490755723976167e-02
7.869355463474950e-02
8.246712540521609e-02
8.651508917595586e-02
9.054939121120016e-02
9.486437352944810e-02
9.916437566341307e-02
1.037502527651699e-01
1.083197464993041e-01
1.131791408482329e-01
1.180206628988076e-01
1.231548776989708e-01
1.282696449162887e-01
1.336786122491246e-01
1.390664701794347e-01
1.447487137946961e-01
1.504080999100689e-01
1.563607134273675e-01
1.622886357754250e-01
1.685072767592863e-01
1.746993084907489e-01
1.811782085556213e-01
1.876284984810785e-01
1.943604892719661e-01
2.010617882884994e-01
2.080383428763290e-01
2.149820457981614e-01
2.221933347350705e-01
2.293695367686781e-01
2.368044977750516e-01
2.442020646061017e-01
2.518484846156345e-01
2.594551348299262e-01
2.672997429074899e-01
2.751021412570117e-01
2.831307107317533e-01
2.911145705851152e-01
2.993120286117475e-01
3.074622217993272e-01
3.158127644763236e-01
3.241134366567917e-01
3.326006477920110e-01
3.410353374293152e-01
3.496423090508547e-01
3.581940680986130e-01
3.669035208594286e-01
3.755550353010199e-01
3.843494370168160e-01
3.930831455009872e-01
4.019448261877239e-01
4.107430351269133e-01
4.196542970617672e-01
4.284992907183278e-01
4.374425122301868e-01
4.463166564983700e-01
4.552743883946111e-01
4.641602271872164e-01
4.731152809360987e-01
4.819956242975947e-01
4.909311513036542e-01
4.997891545898682e-01
5.086887161170304e-01
5.175079497990109e-01
5.263555773070225e-01
5.351200871676698e-01
5.439003330268013e-01
5.525946907182548e-01
5.612926694506859e-01
5.699020135638990e-01
5.785034339242729e-01
5.870135018862048e-01
5.955046902358996e-01
6.039018414916958e-01
6.122697570396911e-01
6.205409880953927e-01
6.287732306723717e-01
6.369061826672557e-01
6.449909937687399e-01
6.529739533153341e-01
6.609002111949318e-01
6.687221052697827e-01
6.764793148863839e-01
6.841297005771669e-01
6.917079792020382e-01
6.991770291184597e-01
7.065670883919637e-01
7.138455725314247e-01
7.210386977270902e-01
7.281179625538383e-01
7.351059897624783e-01
7.419779352137152e-01
7.487532271050281e-01
7.554102821819578e-01
7.619657029382937e-01
7.684008004771486e-01
7.747296904265029e-01
7.809362415767873e-01
7.870323919820048e-01
7.930042608489594e-01
7.988618892397606e-01
8.045933680775501e-01
8.102070944431990e-01
8.156928797164167e-01
8.210577038111856e-01
8.262928733765196e-01
8.314041533288341e-01
8.363841449273948e-01
8.412375772875689e-01
8.459581684823529e-01
8.505497697938107e-01
8.550070594367316e-01
8.593331493719176e-01
8.635235406411115e-01
8.675807267060491e-01
8.715009117169246e-01
8.752860754975298e-01
8.789330214601756e-01
8.824433063587366e-01
8.858142432296161e-01
8.890470436209399e-01
8.921394531779154e-01
8.950924049010731e-01
8.979040111572564e-01
9.005749832501149e-01
9.031037441133216e-01
9.054908316925747e-01
9.077349317727208e-01
9.098364499613869e-01
9.117942944274450e-01
9.136087732342291e-01
9.152789826248298e-01
9.168051626848576e-01
9.181865685817537e-01
9.194233976754900e-01
9.205150391564378e-01
9.214616694326884e-01
9.222627902294115e-01
9.229185760688000e-01
9.234286223662144e-01
9.237931188331020e-01
9.240117376575750e-01
9.240846995007661e-01
9.240117376575749e-01
9.237931188331019e-01
9.234286223662140e-01
9.229185760687997e-01
9.222627902294112e-01
9.214616694326879e-01
9.205150391564374e-01
9.194233976754895e-01
9.181865685817531e-01
9.168051626848570e-01
9.152789826248289e-01
9.136087732342284e-01
9.117942944274440e-01
9.098364499613862e-01
9.077349317727197e-01
9.054908316925740e-01
9.031037441133203e-01
9.005749832501140e-01
8.979040111572549e-01
8.950924049010720e-01
8.921394531779139e-01
8.890470436209388e-01
8.858142432296146e-01
8.824433063587354e-01
8.789330214601738e-01
8.752860754975282e-01
8.715009117169228e-01
8.675807267060474e-01
8.635235406411096e-01
8.593331493719158e-01
8.550070594367296e-01
8.505497697938088e-01
8.459581684823509e-01
8.412375772875669e-01
8.363841449273928e-01
8.314041533288321e-01
8.262928733765174e-01
8.210577038111835e-01
8.156928797164142e-01
8.102070944431968e-01
8.045933680775477e-01
7.988618892397583e-01
7.930042608489567e-01
7.870323919820023e-01
7.809362415767847e-01
7.747296904265003e-01
7.684008004771460e-01
7.619657029382909e-01
7.554102821819552e-01
7.487532271050252e-01
7.419779352137126e-01
7.351059897624754e-01
7.281179625538357e-01
7.210386977270873e-01
7.138455725314220e-01
7.065670883919608e-01
6.991770291184570e-01
6.917079792020351e-01
6.841297005771643e-01
6.764793148863807e-01
6.687221052697799e-01
6.609002111949285e-01
6.529739533153314e-01
6.449909937687364e-01
6.369061826672530e-01
6.287732306723681e-01
6.205409880953898e-01
6.122697570396876e-01
6.039018414916928e-01
5.955046902358958e-01
5.870135018862016e-01
5.785034339242692e-01
5.699020135638957e-01
5.612926694506821e-01
5.525946907182516e-01
5.439003330267975e-01
5.351200871676665e-01
5.263555773070188e-01
5.175079497990074e-01
5.086887161170266e-01
4.997891545898647e-01
4.909311513036504e-01
4.819956242975911e-01
4.731152809360949e-01
4.641602271872128e-01
4.552743883946073e-01
4.463166564983664e-01
4.374425122301830e-01
4.284992907183242e-01
4.196542970617634e-01
4.107430351269096e-01
4.019448261877202e-01
3.930831455009834e-01
3.843494370168122e-01
3.755550353010161e-01
3.669035208594248e-01
3.581940680986093e-01
3.496423090508510e-01
3.410353374293114e-01
3.326006477920074e-01
3.241134366567879e-01
3.158127644763200e-01
3.074622217993236e-01
2.993120286117440e-01
2.911145705851117e-01
2.831307107317498e-01
2.751021412570082e-01
2.672997429074865e-01
2.594551348299228e-01
2.518484846156311e-01
2.442020646060984e-01
2.368044977750483e-01
2.293695367686748e-01
2.221933347350673e-01
2.149820457981583e-01
2.080383428763259e-01
2.010617882884964e-01
1.943604892719631e-01
1.876284984810755e-01
1.811782085556185e-01
1.746993084907461e-01
1.685072767592835e-01
1.622886357754223e-01
1.563607134273649e-01
1.504080999100663e-01
1.447487137946936e-01
1.390664701794323e-01
1.336786122491223e-01
1.282696449162864e-01
1.231548776989686e-01
1.180206628988055e-01
1.131791408482309e-01
1.083197464993022e-01
1.037502527651681e-01
9.916437566341144e-02
9.486437352944654e-02
9.054939121119884e-02
8.651508917595470e-02
8.246712540521521e-02
7.869355463474886e-02
7.490755723976145e-02
7.138865990989054e-02
6.785848948305684e-02
6.458721635650227e-02
6.130574415976714e-02
5.827415961402272e-02
5.523337290294114e-02
5.243276554044547e-02
4.962387843645324e-02
4.704487537043719e-02
4.445844337324204e-02
4.209112628987892e-02
3.971716252974412e-02
3.755118367795209e-02
3.537927505895844e-02
3.340397141014610e-02
3.142339288702986e-02
2.962789683389688e-02
2.782772219241635e-02
2.620106731338761e-02
2.457027498212858e-02
2.310149558021526e-02
2.162906818439639e-02
2.030729150991714e-02
1.898230807877187e-02
1.779683835792376e-02
1.660855831010292e-02
1.554895191939143e-02
1.448689016909227e-02
1.354302151292591e-02
1.259701425692387e-02
1.175913211653133e-02
1.091939307324898e-02
1.017816739438780e-02
9.435334465488297e-03
8.781893735838764e-03
8.127066244236690e-03
7.553025775406948e-03
6.977792597548070e-03
6.475274168636888e-03
5.971733220797148e-03
5.533376658750803e-03
5.094146315231824e-03
4.713113680945622e-03
4.331336795562290e-03
4.001309913792071e-03
3.670651184941203e-03
3.385823301322501e-03
3.100460765915003e-03
2.855523137094951e-03
2.610134601092295e-03
2.400258826047424e-03
2.190004041159173e-03
2.010820925492669e-03
1.831320305063346e-03
1.678896018024186e-03
1.526206652846701e-03
1.397016891730874e-03
1.267606581215536e-03
1.158509402490716e-03
1.049229361091947e-03
9.574372747795283e-04
8.654941105883122e-04
7.885459667572104e-04
7.114734613252531e-04
6.472065874157801e-04
5.828377356046973e-04
5.293607128693349e-04
4.758004109777490e-04
4.314668094697208e-04
3.870655109548270e-04
3.504488367748984e-04
3.137774291135437e-04
2.836474762833977e-04
2.534735711544649e-04
2.287743144536973e-04
2.040400874014891e-04
1.838692024236803e-04
1.636708681205200e-04
1.472609210427049e-04
1.308298865794983e-04
1.175311988324662e-04
1.042169002631827e-04
9.348206236927784e-05
8.273645895218541e-05
7.410644302939464e-05
6.547011901255072e-05
5.856192046707857e-05
5.165172549802369e-05
4.614745078758524e-05
4.064559663445174e-05
3.628290516599620e-05
3.192742790586673e-05
2.849123158767638e-05
2.506772420281619e-05
2.238304734848902e-05
1.971756721966798e-05
1.764347186052589e-05
1.559653041945329e-05
1.402101711178151e-05
1.248256440016662e-05
1.131836584409026e-05
1.020369045220888e-05
9.384884246841876e-06
8.631358641984555e-06
8.110735913713135e-06
7.675348138160454e-06
7.422486271983549e-06
7.280111057041340e-06
